sample	prop_het	read_depth	p_missing_genos
PO010715_02	0.234429066	6817653	0.004306632
PO010715_02_rep	0.251038781	7823165	0.004824259
PO010715_04	0.162742382	3432097	0.004824259
PO010715_06.1	0.179523142	2473192	0.017229497
PO010715_08.1	0.166782609	2503625	0.009303928
PO010715_10.1	0.17618469	3106846	0.007408684
PO010715_11.1	0.176091874	3372281	0.009820813
PO010715_12	0.163832003	3295834	0.007236389
PO010715_17.1	0.183310056	2645508	0.013094418
PO010715_19.1	0.210700017	2927703	0.008097864
PO010715_26	0.283760388	5617638	0.004995693
PO010715_27.1	0.186127571	2937015	0.011371468
PO010715_28.1	0.229621922	3255176	0.006547209
PO010715_29.1	0.22596906	3110048	0.008787043
PO020515_01	0.178391523	2640637	0.008097864
PO020515_03.1	0.171790863	3142354	0.008097864
PO020515_05.1	0.183998599	3691453	0.015851137
PO020515_06	0.210325048	8336214	0.008787043
PO020515_08.1	0.181390486	2808032	0.011199173
PO020515_09.1	0.193627882	3016815	0.021192281
PO020515_10.1	0.178995115	4812537	0.012405238
PO020515_14.1	0.170883882	3306735	0.005858029
PO020515_15.1	0.189866851	4916525	0.003618194
PO020515_16.1	0.20638778	3504202	0.007408684
PO020515_17.1	0.192214112	4137911	0.008614748
PO031715_03	0.180239625	2722559	0.007753274
PO031715_04	0.167532918	3094421	0.005513439
PO031715_13.1	0.252297555	3495400	0.006374914
PO031715_20.1	0.175964912	1961294	0.017918677
PO031715_23	0.174545455	4707310	0.004996554
PO031715_24	0.178801043	2820366	0.008442453
PO010715_26_2	0.19448778	4097320	0.006030324
PO010715_07	0.216412742	4070626	0.004995693
PO010715_07_rep	0.219778317	4135965	0.005168849
GE011215_01.1	0.247746186	3807454	0.006202619
GE011215_07.1	0.211373578	3631183	0.015334252
GE011215_08.1	0.245118921	2076442	0.029290145
GE011215_09.1	0.247438791	3758901	0.007753274
GE011215_10.1	0.209229702	3440184	0.006891799
GE011215_14.1	0.18824753	6549008	0.006030324
GE011215_15.1	0.221990982	5694239	0.006547209
GE011215_16.1	0.180834352	3791389	0.012922123
GE011215_18	0.200034608	6852956	0.004307374
GE011215_19	0.170338248	4019476	0.006719504
GE011215_20.1	0.190937392	4147822	0.003790489
GE011215_21.1	0.177175612	3384807	0.008097864
GE011215_22	0.17944281	6470888	0.004307374
GE011215_24.1	0.178850495	3134738	0.007753274
GE011215_28	0.207403563	3861430	0.003962784
GE011215_29.1	0.217135732	2245206	0.032736044
GE011215_30.1	0.320415225	4661699	0.004135079
GE012315_01.1	0.233572805	2199367	0.016712612
GE012315_03.1	0.234158329	3747521	0.018435562
GE012315_04.1	0.254682304	2523135	0.015678842
GE012315_05.1	0.188408335	3029457	0.016023432
GE012315_06.1	0.215108165	3646562	0.012405238
GE012315_08.1	0.224224571	2649848	0.005685734
GE012315_09.1	0.35758728	3036050	0.003101309
GE012315_10.1	0.265416015	2333584	0.008097864
GE012315_11.1	0.33575506	3742895	0.003962784
GE012315_17.1	0.170112945	3009275	0.008442453
GE012315_20.1	0.236120749	3109124	0.006891799
GE012315_22.1	0.17601683	3048700	0.017229497
GEO012315_02	0.167568511	5152585	0.012922123
GEO012315_12	0.238557559	6131307	0.006202619
GEO012315_18	0.166724921	4614041	0.014128187
GEO012315_21	0.174481436	4819847	0.011543763
GE012315_11_2	0.371566765	11780055	0.002584425
GE012315_09_2	0.434805105	5169137	0.00103377
GE011215_11	0.197195291	8550021	0.004995693
GE011215_11_rep	0.191961192	7558364	0.005513439
NA021015_02.1	0.179026348	4039779	0.012577533
NA021015_03.1	0.266912022	3086869	0.016884907
NA021015_06.1	0.277131446	4864411	0.007753274
NA021015_08.1	0.182931157	2468650	0.028945555
NA021015_09.1	0.305507447	4076545	0.005168849
NA021015_10.1	0.274608696	3737101	0.009303928
NA021015_13.1	0.264777469	5022277	0.008959338
NA021015_14.1	0.209358752	4332781	0.005858029
NA021015_16.1	0.185897436	5291624	0.005513439
NA021015_17.1	0.175186276	4162902	0.005685734
NA021015_21.1	0.176684566	3800139	0.005341144
NA021015_22.1	0.177237185	3309272	0.008442453
NA021015_23	0.182844244	2712287	0.007753274
NA021015_25	0.17744725	5191269	0.003790489
NA021015_26	0.201728608	3817109	0.003273604
NA021015_30	0.184615385	3712357	0.003273604
NA021015_06_2	0.343441345	13390849	0.005685734
NA021015_09_2	0.369884303	12844951	0.002239835
NA021015_10_2	0.271969434	3404635	0.007925569
YS_121316_01	0.18480706	6316229	0.004307374
YS_121316_03	0.184693343	2808906	0.013955892
YS_121316_05	0.234875445	6635649	0.031702274
YS_121316_13	0.199375867	4409814	0.006202619
YS_121316_17	0.203880132	3900580	0.005341144
YS_121316_18	0.172902288	5165500	0.051343901
YS_121316_20.1	0.28725065	5211971	0.006719504
YS_121316_21	0.234480374	5653775	0.003789836
YS_121316_22	0.196394522	5677131	0.006030324
YS_121316_23	0.212632678	3985378	0.009820813
YS_121316_24	0.182698962	6058065	0.004135079
YS_121316_25	0.173867596	3211547	0.011026878
YS_121316_26	0.179433733	2863848	0.008097864
YS_121316_27	0.163543441	4262963	0.089765679
YS_121316_28	0.170839753	3981699	0.105444521
YS_121316_29	0.146326776	2857842	0.141626465
YS121315_08.1	0.16868103	2252448	0.016368022
YS121315_10.1	0.178197457	1311987	0.078566506
YS121315_12	0.175692147	5791989	0.010680448
YS121315_12_300	0.163229018	4038365	0.031013094
YS121315_14.1	0.307103064	2885627	0.010337698
YS121315_15	0.179728318	4324878	0.010682288
YS121315_16	0.182668977	6716657	0.005858029
YS121316_30	0.196235622	4335330	0.011371468
YS_121316_04	0.170637971	1444967	0.103376981
YS_121316_19	0.159184559	3922248	0.205547898
YS_121316_21_2	0.226526025	10601998	0.003618194
YS_121316_20_2	0.245142262	7233818	0.006891799
YS121315_14_2	0.310566562	3238656	0.008614748
YS_121316_07	0.197913043	2921349	0.009303928
JUK07_01	0.15289103	3616220	0.070296347
JUK07_02.1	0.211365211	8561987	0.005513439
JUK07_02_rep.1	0.182322357	3929100	0.005858029
JUK07_03	0.160029635	3800860	0.069779462
JUK07_06.1	0.237752414	17189641	0.018780152
JUK07_09.1	0.211155378	7283224	0.005341144
JUK07_09_rep.1	0.212751213	7959380	0.005513439
JUK07_14	0.155711905	3822809	0.069434873
JUK07_15	0.175560577	6618897	0.008787043
JUK07_16.1	0.205195717	6629190	0.018435562
JUK07_16_rep.1	0.200947701	5945979	0.018263267
JUK07_17	0.142744944	2540837	0.122501723
JUK07_18	0.161597655	3931160	0.059614059
JUK07_19	0.176067475	4498926	0.019469331
JUK07_20	0.154191617	3519086	0.079255686
JUK07_22	0.140774837	2968381	0.101654032
JUK07_25	0.121723227	2183098	0.152136458
JUK07_26	0.16075525	4618372	0.023604411
JUK07_27	0.173382173	5317563	0.012232943
JUK07_28	0.130597751	2441945	0.126636802
JUK07_29.1	0.201317843	9984096	0.006374914
JUK07_30	0.206489676	9952413	0.007064094
JUK07_32	0.201386482	10988844	0.005858029
JUK07_36.1	0.187884109	4837063	0.018780152
JUK07_37.1	0.184233679	5751544	0.020847691
JUK07_10	0.160564021	3866920	0.242419021
JUK07_13	0.179147259	2331019	0.038249483
JUK07_21	0.167149059	1992512	0.047553411
JUK07_23	0.186925795	6616902	0.024810476
JUK07_34	0.168293982	3598520	0.02946244
JUK07_04	0.164077843	2122471	0.034975879
JUK07_31	0.181455114	5458205	0.007753274
JUK07_11	0.176115159	2625620	0.03049621
JUK07_06_2	0.191706203	10884840	0.019469331
JUK07_08	0.189544746	6164980	0.004651964
JUK07_33	0.179161593	4761034	0.009476223
JB121807_01	0.173777315	2672936	0.006547209
JB121807_03.1	0.185475444	2695033	0.010682288
JB121807_05	0.105493543	1990280	0.212919897
JB121807_06.1	0.186555498	2942523	0.008097864
JB121807_08	0.160138648	2592970	0.006029285
JB121807_08_rep	0.157702984	2268661	0.006891799
JB121807_11.1	0.181425112	4079581	0.003790489
JB121807_12.1	0.169014085	1220369	0.204858718
JB121807_14.1	0.188547984	3532063	0.034114404
JB121807_19.1	0.171235253	2325569	0.006891799
JB121807_20.1	0.170667601	1789463	0.016712612
JB121807_21.1	0.1708114	3461393	0.050827016
JB121807_24.1	0.167047251	2080584	0.019124742
JB121807_25	0.169685613	1119322	0.172467264
JB121807_27	0.106321197	1521654	0.228768303
JB121807_28.1	0.162477558	1348383	0.040317023
JB121807_30	0.124811382	1799365	0.200861326
JB121807_31.1	0.206068046	4858641	0.017574087
JB121807_32.1	0.178101671	3692041	0.030668504
JB121807_33.1	0.16192521	4011732	0.037043418
JB121807_34.1	0.176848317	3964034	0.007236389
JB121807_37	0.169126584	3947023	0.007753274
JB121807_38.1	0.176323319	3410899	0.036526533
JB121807_42	0.134313725	2624412	0.121295658
JB121807_44	0.170956522	5447707	0.009303928
JB121807_46	0.147232671	3609690	0.038077188
JB121807_22_c	0.144205128	3313335	0.160062026
JB121807_26_c	0.156685499	3862006	0.085113715
JB121807_39	0.185654741	8133702	0.007925569
JB121807_03_rep	0.173897892	7297187	0.011199173
JB121807_05_2	0.185816096	2716081	0.008787043
JB121807_35_2	0.162310867	1045274	0.123190903
JB121807_23_2	0.164535853	1844035	0.070124052
JB121807_27_2	0.175212164	2720735	0.025499655
JB121807_30_2	0.187335092	3019204	0.020503101
JB121807_16_2	0.163229943	5692288	0.005685734
JB121807_18	0.165448852	2622235	0.009648518
JB121807_43	0.18861704	3599829	0.007064094
JB121807_29	0.185383244	1504511	0.033425224
JB021108_02.1	0.183579986	4311669	0.022053756
JB021108_04.1	0.17197327	1816458	0.123363198
JB021108_05	0.182022472	10651977	0.003445306
JB021108_05_rep	0.184647303	12697218	0.003445899
JB021108_06	0.173300886	2104987	0.008787043
JB021108_07.1	0.179895105	2503842	0.014472777
JB021108_08.1	0.157195145	1721654	0.105616816
JB021108_09.1	0.183863596	4329770	0.019813921
JB021108_12.1	0.174342105	4944510	0.004824259
JB021108_13.1	0.168797058	2579086	0.016023432
JB021108_16	0.25	3108991	0.004824259
JB021108_17.1	0.213094825	2425901	0.007925569
JB021108_19.1	0.190608696	6267465	0.009303928
JB021108_20	0.15720608	1053046	0.104583046
JB021108_22.1	0.171684451	3244823	0.095796003
JB021108_26.1	0.185762352	2900671	0.02705031
JB021108_29	0.164666167	1814690	0.081323225
JB021108_30	0.178231528	5002275	0.004307374
JB021108_32	0.187694435	7666082	0.003101309
JB021108_34	0.171855088	2553725	0.053583735
JB021108_35	0.162332545	910556	0.125581395
JB021108_35_rep	0.161228773	986962	0.097002068
JB021108_36.1	0.18568699	3564362	0.008097864
JB021108_36_rep.1	0.18125	3473439	0.007580979
JB021108_37.1	0.178806798	3874496	0.006547209
JB021108_37_rep.1	0.177839528	3852296	0.007925569
JB021108_38.1	0.185342089	1459670	0.186595451
JB021108_39	0.140228549	2476612	0.110441075
JB021108_41.1	0.166035593	2899441	0.089937974
JB021108_44.1	0.169350649	3562001	0.004996554
JB021108_45	0.181943964	7512937	0.003790489
JB021108_46.1	0.181645351	5675208	0.003101309
JB021108_46_rep.1	0.168251772	3527876	0.003618194
JB021108_47.1	0.178707224	3923619	0.003101309
JB021108_48.1	0.182182706	7101400	0.011716058
JB021108_24_c	0.145265152	2981537	0.090282564
JB021108_33_rep	0.168991978	7652833	0.012060648
JB021108_11_2	0.174455376	1922970	0.019297037
JB021108_28_2	0.155673432	2985472	0.252929014
JB021108_40_2	0.146588987	1167827	0.08321847
JB021108_14_2	0.162157221	2035030	0.05754652
JB021108_25_2	0.139285017	1555987	0.118022054
JB021108_31_2	0.157271095	2674493	0.040317023
JB021108_23	0.164781022	1216964	0.05582357
BOR07_01	0.113824885	6871924	0.252368648
BOR07_02.1	0.187890354	4096017	0.006891799
BOR07_03	0.154972875	2968140	0.047208822
BOR07_04	0.191268191	5993580	0.005513439
BOR07_05.1	0.201183432	8659570	0.009993108
BOR07_06.1	0.188436085	4078253	0.010682288
BOR07_07.1	0.192939955	6259115	0.004307374
BOR07_08.1	0.201971295	9296113	0.003618194
BOR07_09	0.169794925	5769259	0.008614748
BOR07_10.1	0.334896648	4774298	0.008097864
BOR07_11.1	0.220412407	6057266	0.005685734
BOR07_12.1	0.220932247	3962949	0.005685734
BOR07_13.1	0.20267454	4475682	0.007925569
BOR07_14	0.199861448	10735145	0.005168849
BOR07_15	0.23464075	7761056	0.007236389
BOR07_16	0.202719191	3692985	0.011543763
BOR07_17.1	0.190691212	3287279	0.007925569
BOR07_18	0.177836412	7110518	0.020503101
BOR07_19.1	0.185508278	5149426	0.032219159
BOR07_20.1	0.199791341	7747504	0.009131633
BOR07_21.1	0.189065563	3280358	0.208993797
BOR07_22	0.188172043	6685657	0.006547209
BOR07_01_2	0.176614738	3986942	0.015678842
BOR07_21_2	0.18957346	4331290	0.018435562
GEO020414_10	0.131109222	1962002	0.189319552
GEO020414_11	0.208968144	5803141	0.004995693
GEO020414_11_300	0.194078947	4659273	0.004824259
GEO020414_13_300	0.173776224	3172787	0.014472777
GEO020414_14	0.181164504	4039842	0.017743325
GEO020414_14_300	0.1739753	3494966	0.037388008
GEO020414_15	0.201432071	2336383	0.085788114
GEO020414_15_300	0.18547419	2039080	0.138869745
GEO020414_16	0.181962304	4033436	0.022049957
GEO020414_16_300	0.178832117	3618428	0.008614748
GEO020414_17	0.220989611	3864586	0.021705426
GEO020414_17_300	0.204780011	3057343	0.048414886
GEO020414_2	0.167089066	4056569	0.048406546
GEO020414_23	0.225281385	7069859	0.005167959
GEO020414_23_300	0.208203531	6158191	0.004479669
GEO020414_24	0.230648808	4525205	0.009646856
GEO020414_24_300	0.208384067	3842521	0.009476223
GEO020414_25	0.171591314	3666663	0.032213609
GEO020414_25_300	0.153758325	2587646	0.094589938
GEO020414_26	0.14996288	3752341	0.071674707
GEO020414_27	0.155743608	4659426	0.043073742
GEO020414_29	0.137069292	3083761	0.089937974
GEO020414_3	0.167278448	4784237	0.014470284
GEO020414_30	0.120593692	6343392	0.257192076
GEO020414_4	0.173799582	5641450	0.009648518
GEO020414_5	0.164349376	4831675	0.033425224
GEO020414_6	0.15045228	3555024	0.066678153
GEO020414_7	0.194073817	4631204	0.005685734
GEO020414_8	0.170541291	5825946	0.007062877
GEO020414_8_300	0.166897267	5328677	0.003790489
GEO020414_9	0.173783689	3815390	0.015676141
GEO020414_9_300	0.16958042	3311770	0.014472777
GEO020414_10_2	0.177866992	2970744	0.012922123
GEO020414_30_2	0.167084977	1798634	0.038938663
GEO020414_13_2	0.17804878	2092010	0.011026878