6817653
7823165
3432097
2473192
3106846
3309272
3495400
3295834
4332781
2645508
0
2937015
3255176
3110048
2640637
3306735
3691453
8336214
4916525
3016815
4812537
3372281
4162902
1961294
3737101
2722559
3094421
2503625
2927703
4707310
2820366
3807454
3631183
2076442
3758901
3440184
6549008
5694239
3791389
6852956
4019476
2808032
3384807
6470888
3134738
3861430
2245206
4661699
2199367
3747521
2523135
3029457
3646562
2649848
3036050
2333584
3742895
3009275
3109124
3048700
5152585
6131307
4614041
4819847
4039779
3086869
4864411
2468650
4076545
3142354
5022277
4147822
5291624
3504202
3800139
4137911
2712287
5191269
3817109
3712357
6316229
2808906
6635649
4409814
3900580
5165500
5211971
5653775
5677131
3985378
6058065
3211547
2863848
4262963
3981699
2857842
2252448
1311987
5791989
4038365
2885627
4324878
6716657
4335330
3616220
8561987
3929100
3800860
17189641
7283224
7959380
3822809
6618897
6629190
5945979
2540837
3931160
4498926
3519086
2968381
2183098
4618372
5317563
2441945
9984096
9952413
10988844
4837063
5751544
2672936
2695033
626185
1990280
2942523
19953
2592970
2268661
612073
4079581
1220369
3532063
1814325
2325569
1789463
3461393
996469
2080584
1119322
1521654
1348383
1799365
826535
4858641
3692041
4011732
3964034
433572
3947023
3410899
2021500
2624412
5447707
1246515
3609690
285263
1626523
4311669
1816458
10651977
12697218
2104987
2503842
1721654
4329770
1196957
173168
4944510
2579086
873350
3108991
2425901
6267465
1053046
3244823
1081054
2900671
789949
1814690
5002275
949374
7666082
525803
2553725
910556
986962
3564362
3473439
3874496
3852296
1459670
2476612
427207
2899441
3562001
7512937
5675208
3527876
3923619
7101400
1717981
4096017
2968140
5993580
8659570
4078253
6259115
9296113
5769259
4774298
6057266
3962949
4475682
10735145
7761056
3692985
3287279
7110518
5149426
7747504
3280358
6685657
1962002
5803141
4659273
1114
3172787
4039842
3494966
2336383
2039080
4033436
3618428
3864586
3057343
4056569
7069859
6158191
4525205
3842521
3666663
2587646
3752341
4659426
3083761
4784237
1585848
5641450
4831675
3555024
4631204
5825946
5328677
3815390
3311770
