6817653
7823165
3432097
2473192
2503625
3106846
3372281
3295834
2645508
2927703
5617638
2937015
3255176
3110048
2640637
3142354
3691453
8336214
2808032
3016815
4812537
3306735
4916525
3504202
4137911
2722559
3094421
3495400
1961294
4707310
2820366
4097320
4070626
4135965
3807454
3631183
2076442
3758901
3440184
6549008
5694239
3791389
6852956
4019476
4147822
3384807
6470888
3134738
3861430
2245206
4661699
2199367
3747521
2523135
3029457
3646562
2649848
3036050
2333584
3742895
3009275
3109124
3048700
5152585
6131307
4614041
4819847
11780055
5169137
8550021
7558364
4039779
3086869
4864411
2468650
4076545
3737101
5022277
4332781
5291624
4162902
3800139
3309272
2712287
5191269
3817109
3712357
13390849
12844951
3404635
6316229
2808906
6635649
4409814
3900580
5165500
5211971
5653775
5677131
3985378
6058065
3211547
2863848
4262963
3981699
2857842
2252448
1311987
5791989
4038365
2885627
4324878
6716657
4335330
1444967
