locus	GEO020414_8_300,	GEO020414_9,
10000	0102	0202
10004	0202	0101
10009	0101	0202
1001	0202	0101
10015	0101	0202
10019	0202	0101
10020	0101	0102
10023	0101	0202
1003	0202	0101
10030	0101	0102
10037	0101	0102
10040	0101	0202
10043	0202	0102
10056	0202	0101
10058	0102	0101
10068	0101	0102
10078	0202	0101
10088	0202	0101
10089	0101	0202
101	0102	0101
10100	0101	0202
10101	0202	0101
10115	0101	0202
10120	0202	0101
1013	0101	0202
10150	0202	0101
10156	0101	0202
10158	0202	0101
10160	0101	0202
1017	0202	0102
10180	0202	0101
10183	0202	0101
10195	0202	0102
10200	0202	0101
10202	0101	0102
10203	0102	0202
10221	0202	0101
10225	0202	0102
10228	0101	0202
10250	0102	0202
10257	0102	0202
1027	0202	0101
10272	0202	0102
10281	0202	0102
10285	0102	0101
10288	0101	0202
10303	0202	0101
10307	0101	0202
10312	0202	0101
10313	0101	0202
10315	0102	0202
10342	0202	0101
10344	0102	0101
10347	0101	0202
10364	0101	0102
10366	0202	0101
10368	0101	0102
1037	0102	0202
10376	0101	0202
10379	0202	0101
10388	0101	0202
10390	0202	0101
10392	0101	0202
10395	0202	0101
10396	0101	0202
10398	0202	0102
10413	0102	0101
10429	0101	0202
10434	0202	0101
10445	0102	0101
10460	0101	0102
10466	0102	0101
10477	0101	0202
10478	0202	0101
10490	0202	0101
10492	0101	0202
10498	0102	0202
10500	0202	0101
10505	0102	0101
10512	0101	0102
10513	0101	0202
10515	0202	0101
10516	0101	0102
10517	0102	0101
10520	0101	0202
10521	0102	0101
10529	0101	0202
1053	0202	0101
10542	0101	0202
10548	0202	0101
10562	0101	0202
10564	0202	0101
10565	0101	0202
10569	0202	0101
1058	0101	0202
10604	0202	0101
10605	0101	0202
10620	0202	0102
10624	0101	0202
10631	0202	0102
10635	0101	0202
10637	0202	0101
1064	0102	0101
10640	0101	0202
10648	0202	0101
10654	0102	0202
10660	0102	0202
10662	0202	0101
10665	0101	0202
10682	0202	0102
10689	0101	0202
10692	0102	0101
10693	0101	0202
10704	0202	0101
10706	0101	0202
10711	0102	0202
10715	0202	0101
1072	0101	0202
10743	0202	0101
10752	0102	0202
10753	0202	0102
10770	0202	0101
10771	0101	0202
10783	0202	0101
10790	0101	0202
10800	0102	0202
10801	0202	0102
10807	0102	0202
10817	0202	0101
10822	0101	0102
10823	0102	0101
10830	0101	0202
10834	0202	0101
10850	0101	0202
1086	0202	0102
10862	0101	0102
1087	0101	0102
10877	0101	0202
10885	0102	0101
10887	0101	0202
10891	0202	0101
10898	0101	0202
10909	0102	0202
10914	0202	0101
10915	0101	0102
10917	0101	0102
10921	0202	0102
10923	0102	0202
10926	0202	0102
10927	0102	0202
10931	0202	0102
10932	0102	0202
10936	0202	0101
10937	0102	0101
10941	0102	0101
10948	0101	0202
10949	0102	0202
10953	0202	0102
1096	0102	0101
10964	0101	0102
10975	0202	0102
10995	0101	0202
10997	0102	0202
10998	0202	0101
11	0102	0202
110	0102	0202
11001	0202	0101
1101	0101	0102
11012	0202	0101
11015	0102	0101
11016	0101	0202
11038	0202	0101
1104	0101	0202
11048	0101	0202
11053	0202	0102
11056	0101	0202
11061	0102	0202
11062	0102	0101
11066	0101	0102
11082	0202	0101
11094	0101	0202
11097	0202	0101
111	0202	0101
11109	0101	0202
11114	0101	0202
11129	0101	0102
11153	0202	0101
11160	0101	0102
11163	0101	0202
11164	0202	0101
11165	0101	0202
11166	0202	0102
11168	0202	0102
11173	0102	0101
11177	0101	0202
11190	0202	0101
11191	0102	0202
11193	0202	0101
11201	0101	0102
11202	0102	0101
11203	0101	0102
1121	0101	0202
11214	0202	0101
11218	0101	0202
11219	0102	0202
11222	0202	0101
11229	0101	0202
11230	0202	0101
11236	0202	0102
1125	0102	0101
11253	0102	0202
11254	0202	0101
11262	0101	0202
11275	0101	0202
11276	0202	0101
11280	0101	0202
11285	0202	0101
11286	0102	0101
11291	0202	0102
11292	0202	0102
11303	0101	0202
11304	0102	0101
11315	0101	0202
11319	0202	0102
11347	0102	0101
11354	0101	0202
11356	0202	0101
11366	0101	0202
11367	0202	0102
11368	0102	0202
11373	0202	0101
11377	0101	0202
11382	0102	0101
11389	0101	0102
11390	0101	0102
11397	0101	0202
1140	0101	0202
11401	0202	0102
11405	0101	0202
11415	0102	0101
11416	0101	0202
11422	0202	0102
11437	0202	0102
11459	0202	0101
1146	0101	0102
11468	0102	0101
11469	0101	0102
11475	0202	0102
11480	0102	0101
11489	0101	0202
115	0101	0202
11500	0102	0202
11505	0202	0101
11506	0101	0102
11507	0101	0202
11510	0202	0101
11517	0102	0101
11531	0101	0102
11532	0102	0202
11535	0102	0101
11536	0102	0202
11537	0202	0102
11543	0202	0102
11557	0202	0102
11560	0101	0202
11591	0202	0101
11593	0101	0202
11594	0202	0101
116	0101	0202
11600	0202	0101
11610	0101	0102
11636	0202	0101
11639	0101	0102
1164	0101	0202
11658	0101	0102
11662	0101	0202
11667	0102	0202
11677	0202	0101
11680	0102	0101
11687	0101	0202
11688	0102	0202
11696	0202	0101
11702	0102	0101
11708	0101	0202
11712	0102	0202
11714	0102	0101
11721	0101	0102
11723	0102	0202
11726	0202	0101
11727	0101	0202
11731	0202	0102
11742	0101	0202
11750	0202	0101
11781	0202	0101
11785	0101	0102
11787	0102	0202
11795	0202	0101
11797	0101	0102
11798	0102	0101
11801	0101	0202
11811	0202	0102
11813	0101	0102
11816	0101	0202
11828	0102	0202
11833	0102	0101
11841	0101	0202
11849	0202	0102
1185	0102	0101
11859	0101	0102
11873	0101	0202
11892	0202	0102
11908	0202	0101
11909	0101	0202
1191	0101	0102
11913	0102	0101
11915	0102	0101
11916	0101	0202
11928	0202	0102
11929	0102	0101
1193	0202	0101
11953	0101	0102
11958	0101	0202
11960	0202	0101
11965	0101	0202
11976	0202	0101
1198	0101	0202
11988	0101	0102
1199	0101	0202
11999	0202	0101
12013	0101	0202
12016	0202	0101
12028	0101	0202
12032	0202	0101
12041	0102	0101
12042	0202	0101
12051	0101	0202
12054	0202	0101
12060	0101	0202
12062	0202	0101
12069	0101	0202
12076	0202	0101
12080	0101	0202
12086	0102	0101
12088	0102	0101
12101	0101	0202
12111	0202	0101
12119	0101	0202
12129	0202	0101
12131	0101	0202
12133	0202	0101
12143	0101	0202
12145	0102	0101
12147	0101	0102
12151	0202	0101
12163	0101	0202
12176	0102	0202
12186	0202	0101
1219	0101	0202
12196	0202	0101
12198	0102	0101
12199	0101	0202
12207	0202	0101
12224	0101	0202
12232	0202	0102
12247	0102	0101
12250	0101	0202
12260	0102	0101
12262	0102	0101
1228	0101	0102
12280	0202	0101
12286	0101	0202
12293	0202	0102
12322	0102	0101
12328	0101	0102
12334	0102	0202
12339	0102	0202
12346	0202	0101
1235	0101	0102
12353	0101	0202
12360	0202	0101
12362	0101	0202
12363	0202	0101
12370	0202	0101
12372	0102	0101
12383	0101	0102
12386	0101	0202
12391	0202	0101
12394	0101	0202
12398	0202	0101
12402	0101	0102
12404	0102	0202
12419	0202	0102
1242	0101	0102
12420	0102	0101
1243	0202	0102
12456	0202	0101
12466	0101	0202
12469	0202	0102
12473	0102	0202
12476	0202	0102
12487	0202	0102
12496	0202	0102
12507	0102	0101
12508	0101	0102
12513	0102	0101
12514	0101	0102
12518	0101	0102
12526	0202	0102
12538	0102	0202
12543	0202	0101
12544	0101	0202
12546	0202	0101
12549	0102	0202
12553	0202	0101
12557	0101	0202
12564	0101	0102
12566	0102	0202
12569	0202	0101
1257	0101	0202
12577	0102	0202
12580	0202	0101
12584	0101	0202
12592	0202	0101
12594	0101	0202
12597	0102	0101
12606	0202	0101
12609	0102	0101
1261	0101	0202
12610	0202	0102
12615	0202	0101
12617	0101	0102
12630	0102	0101
12631	0101	0202
12640	0101	0102
12642	0102	0101
1265	0102	0101
12654	0101	0102
12657	0202	0102
12658	0102	0202
12676	0102	0202
12680	0202	0101
12681	0202	0102
12688	0101	0102
1269	0101	0202
12701	0202	0101
12721	0101	0202
12723	0202	0101
12726	0101	0202
12729	0102	0202
12735	0202	0101
12741	0101	0202
12742	0202	0101
12751	0202	0102
12753	0101	0202
12760	0202	0101
12769	0101	0202
1277	0202	0102
12782	0101	0202
12798	0202	0101
12811	0101	0202
12816	0202	0102
12824	0101	0102
12829	0101	0102
1283	0102	0202
12835	0202	0101
12858	0101	0102
1286	0101	0202
12872	0101	0202
12885	0202	0102
12886	0101	0202
12891	0202	0101
12895	0101	0202
12901	0202	0102
12905	0202	0102
12907	0101	0202
12913	0202	0102
12916	0202	0102
12918	0101	0202
12926	0102	0202
12928	0202	0101
12932	0101	0202
12937	0202	0102
12944	0102	0202
12946	0202	0101
12968	0101	0202
12977	0202	0102
12980	0101	0102
12981	0102	0101
12992	0101	0102
13	0101	0202
130	0202	0102
1300	0102	0101
13014	0102	0202
13016	0102	0202
13017	0202	0101
13026	0101	0202
13036	0202	0102
13045	0101	0102
1308	0101	0202
13084	0101	0102
13091	0101	0202
13092	0202	0101
13104	0101	0202
13106	0202	0101
13108	0101	0202
13109	0202	0101
13112	0101	0202
13113	0202	0101
13127	0101	0102
13128	0202	0102
13143	0202	0101
13162	0202	0101
13164	0101	0102
13167	0202	0101
13169	0101	0202
13186	0202	0102
13197	0101	0202
13202	0202	0102
13205	0102	0101
13215	0101	0202
13218	0202	0101
13219	0101	0102
1322	0102	0202
13236	0202	0102
13270	0202	0102
13281	0202	0101
13291	0101	0102
13302	0101	0102
13304	0202	0101
13315	0101	0202
13328	0101	0102
13329	0102	0202
13343	0102	0202
13347	0102	0202
13348	0202	0102
13352	0202	0102
13355	0202	0102
13358	0202	0101
13361	0101	0202
13364	0202	0102
13377	0202	0101
13380	0101	0102
13385	0101	0102
13390	0202	0101
13404	0101	0202
13406	0202	0102
13409	0101	0102
13414	0101	0202
13428	0202	0101
13429	0101	0102
1343	0202	0101
13439	0101	0202
1344	0202	0101
13460	0101	0202
13464	0202	0101
13465	0101	0202
13467	0202	0102
13478	0102	0202
13486	0202	0102
13488	0102	0101
13520	0101	0202
13524	0102	0101
13526	0102	0101
13537	0101	0102
13547	0202	0101
13556	0101	0202
13558	0202	0101
13563	0101	0202
13565	0202	0102
13566	0101	0202
13568	0202	0102
13573	0101	0202
13581	0202	0101
13591	0101	0202
1360	0202	0102
13604	0102	0202
13625	0202	0101
13660	0101	0202
13669	0202	0101
13678	0101	0202
13687	0101	0202
13720	0102	0202
13721	0202	0101
13722	0101	0202
13723	0102	0202
13727	0202	0101
13730	0102	0101
1374	0101	0202
13744	0102	0101
13755	0101	0102
13756	0101	0202
13757	0202	0102
13774	0202	0101
13783	0102	0101
13792	0101	0202
13794	0102	0202
13802	0202	0101
13807	0102	0101
13811	0101	0202
13820	0202	0101
13827	0101	0202
13828	0202	0101
13829	0101	0202
1383	0202	0102
13831	0202	0101
13839	0101	0202
13845	0202	0101
13849	0101	0202
13852	0102	0101
13854	0101	0202
13865	0202	0101
13867	0102	0202
13873	0202	0101
13877	0101	0202
13879	0202	0101
13900	0202	0101
13907	0102	0202
13916	0102	0101
1392	0101	0202
13920	0202	0101
13921	0101	0202
13922	0202	0101
13931	0101	0202
13932	0202	0102
13934	0202	0102
13941	0101	0102
13948	0202	0101
13955	0101	0102
13962	0101	0202
13972	0202	0102
13974	0202	0101
1398	0101	0202
13989	0202	0101
14000	0101	0202
1401	0202	0102
14019	0202	0101
1402	0101	0202
14023	0102	0101
14026	0102	0101
14027	0101	0202
14034	0202	0101
14036	0101	0202
14037	0202	0101
14041	0101	0202
14044	0202	0102
1405	0101	0202
14054	0202	0101
14056	0102	0101
1406	0101	0202
14066	0202	0102
14074	0102	0202
14079	0102	0101
14083	0101	0102
14097	0102	0101
14099	0101	0202
141	0202	0102
14105	0202	0101
14108	0101	0202
14109	0202	0101
14111	0101	0102
14114	0101	0202
14125	0102	0202
14138	0202	0102
14154	0202	0102
14155	0202	0101
14166	0101	0202
14170	0202	0101
14174	0101	0202
14183	0101	0102
14185	0102	0101
14193	0101	0202
14197	0202	0101
14198	0101	0202
14201	0202	0101
14204	0102	0202
14205	0202	0101
14207	0101	0102
14212	0202	0101
14225	0101	0102
14228	0202	0101
1423	0102	0101
14233	0101	0202
14249	0202	0101
14256	0101	0202
14259	0202	0101
14260	0102	0101
14266	0202	0101
14276	0102	0101
1428	0101	0202
14291	0102	0202
14309	0202	0101
14316	0101	0202
14318	0202	0102
14321	0102	0202
14327	0202	0101
14328	0101	0202
14331	0202	0101
14333	0101	0102
14346	0101	0102
14368	0202	0101
1439	0102	0202
14391	0202	0102
14400	0202	0101
14411	0102	0202
14422	0202	0102
14423	0101	0102
14426	0101	0102
14431	0101	0102
14434	0101	0102
14436	0101	0102
14440	0101	0202
14447	0102	0101
1445	0101	0202
14460	0202	0101
14463	0101	0102
14471	0102	0101
14474	0101	0102
14475	0102	0202
14479	0202	0101
14488	0102	0202
14496	0102	0202
14499	0202	0101
14504	0101	0202
14506	0202	0101
14515	0202	0101
1452	0102	0101
14523	0102	0202
14526	0202	0101
14528	0101	0202
14531	0101	0202
14539	0102	0101
14542	0101	0202
1455	0102	0101
14551	0101	0102
14555	0101	0202
14557	0202	0101
14558	0102	0202
14565	0202	0102
14572	0102	0101
14587	0101	0202
1459	0202	0101
14594	0101	0202
14596	0202	0101
14612	0101	0102
14618	0202	0102
14629	0202	0102
1463	0202	0101
14638	0102	0202
14642	0202	0101
14648	0101	0202
14662	0102	0101
14665	0102	0101
14666	0102	0101
14669	0101	0102
14672	0202	0102
14673	0202	0101
14686	0102	0202
14690	0202	0101
1470	0101	0202
14712	0102	0101
14715	0101	0202
14721	0202	0101
14724	0101	0202
14725	0202	0101
14735	0101	0102
14741	0101	0102
14756	0102	0202
14762	0202	0101
14766	0101	0102
14778	0102	0202
14779	0202	0101
14781	0101	0202
14782	0202	0101
14783	0102	0202
14784	0202	0102
14797	0102	0202
14817	0101	0202
14819	0202	0102
14841	0101	0102
14844	0101	0102
14845	0102	0202
14848	0202	0101
1485	0101	0202
14852	0202	0101
14854	0101	0202
14855	0202	0101
14872	0101	0202
14873	0202	0101
14874	0101	0202
14876	0202	0101
14884	0102	0202
14885	0202	0102
14903	0202	0101
14904	0101	0202
1491	0202	0101
14918	0102	0101
14927	0101	0202
14931	0202	0101
14943	0102	0202
14945	0202	0101
14948	0102	0101
14956	0101	0202
14973	0202	0101
14976	0102	0202
14980	0102	0202
14985	0202	0101
14991	0101	0202
14993	0202	0101
14999	0101	0202
15002	0102	0101
15009	0101	0102
15016	0102	0101
15019	0101	0202
15025	0202	0101
15034	0101	0202
15035	0202	0102
15041	0202	0101
15042	0101	0202
15043	0102	0202
15058	0202	0102
15073	0101	0202
15079	0202	0101
15087	0101	0102
15105	0202	0101
15112	0101	0202
15113	0202	0101
15114	0101	0202
15122	0202	0101
15125	0202	0102
15132	0102	0202
15137	0101	0202
15139	0202	0101
15150	0202	0101
15151	0101	0202
15154	0202	0101
15163	0101	0202
15173	0202	0101
15182	0101	0202
15183	0202	0101
1519	0101	0202
15198	0102	0202
15207	0102	0202
15211	0202	0101
15258	0101	0202
15260	0202	0101
15263	0101	0202
15275	0102	0202
15279	0202	0101
15280	0101	0102
15290	0202	0102
15296	0102	0101
15297	0101	0202
15306	0102	0202
15325	0101	0202
15328	0202	0102
15335	0101	0102
15353	0202	0102
15367	0102	0202
1537	0202	0102
15385	0101	0202
15386	0202	0102
15394	0102	0202
1540	0202	0101
15412	0101	0202
15446	0202	0101
15455	0102	0202
15462	0102	0101
1547	0101	0202
15486	0101	0102
15487	0101	0202
15498	0202	0101
1550	0101	0202
15501	0202	0102
15514	0102	0101
15519	0101	0202
15546	0102	0101
15551	0101	0102
15553	0202	0101
15556	0101	0202
15560	0202	0101
15577	0101	0202
15580	0202	0101
15582	0101	0202
15584	0202	0101
15585	0202	0101
15586	0101	0102
15587	0102	0101
15589	0101	0202
15606	0202	0101
1561	0101	0102
15613	0102	0101
15620	0101	0202
15621	0202	0101
15622	0101	0102
15627	0202	0101
15644	0101	0202
1565	0202	0101
15658	0101	0202
15663	0202	0101
15665	0101	0102
15673	0102	0202
15687	0101	0102
15694	0202	0101
15699	0102	0101
15703	0101	0102
15709	0102	0202
15734	0202	0101
15737	0101	0202
15741	0102	0202
15744	0202	0102
1575	0202	0101
15751	0101	0102
15753	0101	0202
15758	0202	0101
15765	0101	0202
15766	0102	0101
15767	0101	0102
15772	0202	0102
15777	0102	0101
15789	0101	0202
15799	0202	0101
15802	0101	0202
15810	0102	0101
15815	0101	0202
15831	0202	0102
15832	0102	0202
15837	0202	0101
15845	0101	0202
15846	0202	0101
15859	0202	0101
15865	0101	0102
15874	0101	0102
15875	0102	0202
15889	0202	0101
15891	0101	0202
15894	0202	0101
15896	0101	0202
15897	0202	0101
15902	0202	0101
15908	0102	0202
15918	0202	0102
15920	0102	0101
15925	0101	0102
15932	0102	0202
15935	0202	0101
15937	0101	0202
15939	0202	0101
15940	0101	0102
15941	0101	0202
15952	0102	0101
15957	0102	0202
15968	0202	0102
15971	0102	0101
15972	0101	0202
15976	0202	0101
15979	0101	0102
15983	0102	0101
15988	0101	0202
15996	0202	0101
16006	0101	0202
16009	0202	0101
16011	0101	0202
16013	0102	0101
16015	0101	0202
16019	0202	0101
1602	0101	0202
16022	0202	0101
16033	0101	0202
1605	0101	0202
16059	0202	0101
16080	0101	0202
16096	0202	0102
16126	0102	0101
16129	0101	0102
16130	0102	0101
16135	0101	0202
16140	0202	0102
16152	0102	0202
1616	0202	0102
16160	0101	0202
16166	0202	0102
16171	0202	0101
16178	0101	0202
16188	0202	0101
16195	0101	0102
16197	0101	0202
16204	0202	0101
16205	0101	0102
1621	0102	0202
16212	0202	0101
16233	0101	0102
16244	0202	0102
16259	0102	0202
16278	0202	0102
16287	0101	0202
16304	0202	0101
16312	0101	0202
1632	0202	0101
16322	0101	0102
16323	0102	0101
16324	0101	0202
16329	0101	0202
16344	0202	0101
16351	0101	0202
16354	0102	0101
1636	0101	0202
16364	0102	0202
16368	0102	0101
16378	0102	0202
16381	0202	0101
16385	0101	0102
16393	0101	0202
16395	0202	0101
16396	0101	0202
16398	0202	0101
16400	0101	0202
16412	0202	0101
16421	0101	0102
16423	0202	0101
16428	0101	0102
16438	0102	0101
16441	0101	0202
16445	0202	0101
16446	0102	0202
16447	0102	0202
16452	0202	0101
16456	0101	0202
16457	0202	0102
16462	0102	0101
16465	0101	0202
1647	0202	0101
16471	0101	0202
16472	0202	0101
16479	0202	0101
16489	0101	0102
1649	0101	0202
16493	0202	0101
1650	0101	0202
16505	0202	0101
16518	0102	0202
16542	0202	0101
16547	0101	0102
16555	0202	0102
16557	0101	0102
16558	0102	0101
16559	0102	0202
16569	0202	0101
16574	0202	0101
16576	0102	0202
16580	0202	0102
16590	0102	0101
16594	0101	0202
16600	0202	0101
16614	0102	0202
16616	0202	0101
16617	0101	0202
16618	0202	0101
16619	0101	0202
16625	0202	0101
16627	0101	0102
16635	0202	0101
16641	0101	0202
16649	0102	0202
16652	0202	0101
16669	0102	0202
1668	0202	0101
16682	0101	0202
16691	0202	0101
1670	0101	0202
1671	0102	0101
16735	0101	0202
16737	0202	0102
16757	0202	0101
16759	0101	0202
16760	0102	0101
16762	0101	0202
16764	0202	0101
16770	0101	0202
16789	0102	0202
16790	0202	0101
16792	0102	0101
16798	0202	0101
16799	0101	0102
16821	0101	0202
16826	0202	0101
16831	0101	0202
16836	0101	0202
16838	0202	0102
16846	0102	0101
16847	0101	0102
16849	0202	0102
1686	0101	0202
16871	0202	0101
16873	0101	0202
16874	0202	0101
16885	0101	0202
16893	0202	0101
1690	0101	0202
16900	0102	0202
16909	0202	0102
16916	0202	0102
16918	0202	0102
16922	0101	0202
1693	0202	0102
16930	0202	0101
16937	0102	0101
16947	0101	0202
16953	0202	0101
16955	0101	0202
16958	0202	0102
16973	0101	0202
1698	0101	0102
16988	0202	0101
1699	0101	0202
16992	0202	0102
16997	0102	0101
17000	0101	0202
17001	0202	0101
17008	0202	0102
1701	0101	0202
17014	0202	0102
17022	0101	0202
17031	0102	0202
17037	0202	0102
17044	0202	0102
17049	0102	0202
17050	0202	0102
17052	0101	0202
17054	0202	0101
17089	0102	0202
17107	0202	0101
17108	0101	0102
17109	0102	0202
17115	0101	0202
17117	0202	0102
17130	0101	0102
17137	0101	0202
17161	0202	0102
17164	0101	0202
1717	0202	0101
1718	0101	0202
17180	0202	0102
17182	0101	0202
17187	0202	0101
1719	0101	0102
17199	0202	0101
17204	0101	0202
17210	0202	0101
17217	0101	0202
17219	0202	0101
17221	0101	0202
17232	0202	0101
1726	0101	0202
17272	0202	0102
17281	0101	0202
17295	0202	0101
17296	0102	0202
17313	0202	0101
17317	0101	0202
17319	0202	0101
17330	0102	0101
17333	0102	0101
17337	0101	0202
1734	0202	0102
17346	0101	0202
17353	0202	0101
17354	0102	0101
17358	0101	0202
17360	0202	0101
17367	0101	0102
17374	0101	0202
17375	0202	0101
17378	0202	0101
17385	0101	0102
17399	0102	0101
17400	0101	0202
17404	0202	0101
17412	0101	0102
17418	0101	0202
17431	0202	0101
17432	0101	0102
17444	0101	0102
17453	0202	0101
17461	0102	0101
17464	0202	0101
17465	0102	0202
17472	0202	0101
17486	0101	0102
1750	0202	0102
17511	0202	0101
1752	0102	0101
17522	0101	0202
17523	0202	0101
17527	0101	0102
17529	0102	0202
17547	0202	0101
17551	0102	0202
17554	0202	0102
17567	0202	0101
17592	0101	0202
17596	0202	0101
17602	0101	0102
17616	0101	0102
17622	0102	0101
17628	0102	0202
17636	0102	0101
17639	0101	0202
1764	0202	0101
17644	0101	0202
17659	0202	0102
17670	0102	0101
17676	0101	0202
17678	0202	0101
17684	0101	0102
1771	0101	0202
17710	0202	0101
17711	0102	0202
17713	0102	0202
17721	0102	0101
17724	0101	0202
17729	0202	0101
17730	0101	0202
17732	0202	0101
17739	0101	0202
1774	0202	0101
17740	0101	0202
17753	0202	0101
17756	0101	0202
17760	0202	0102
17763	0102	0202
17767	0202	0101
17769	0101	0202
1777	0202	0102
17770	0101	0202
17774	0202	0101
17777	0101	0102
17788	0101	0202
17790	0202	0102
1780	0202	0101
1781	0102	0101
17851	0101	0102
1786	0202	0102
17877	0102	0202
17884	0102	0101
1789	0102	0202
17898	0101	0202
179	0202	0101
17901	0101	0202
17902	0202	0101
17904	0101	0202
17905	0102	0101
1793	0101	0202
17935	0202	0102
17964	0202	0102
17981	0202	0102
17993	0102	0202
17998	0202	0101
17999	0101	0202
18000	0202	0101
18001	0101	0202
18005	0202	0101
18011	0101	0202
18018	0202	0101
18030	0101	0102
18074	0101	0202
18076	0102	0202
1809	0202	0102
18099	0102	0101
181	0102	0101
1810	0101	0202
18100	0102	0101
18102	0101	0102
18104	0101	0202
1811	0202	0102
18118	0102	0202
18120	0102	0101
18137	0101	0202
18139	0202	0101
18151	0101	0202
18156	0202	0101
18157	0101	0202
18160	0202	0101
18165	0101	0202
1819	0202	0101
18202	0102	0101
18210	0202	0101
18212	0102	0202
18214	0102	0101
18217	0101	0202
18233	0101	0102
18252	0102	0101
18258	0102	0202
18263	0202	0102
18272	0202	0101
18283	0102	0101
18285	0101	0202
183	0102	0202
18309	0202	0101
18314	0101	0202
18318	0102	0101
1832	0101	0202
18324	0202	0102
18327	0102	0202
18344	0202	0102
18351	0101	0202
18355	0102	0101
18360	0102	0101
1838	0101	0102
18385	0102	0202
18388	0202	0102
1840	0101	0202
18401	0202	0101
18429	0101	0102
18431	0102	0202
18437	0202	0102
18444	0102	0101
18447	0101	0202
18459	0202	0101
18471	0101	0202
18473	0202	0101
18479	0101	0102
18484	0202	0101
1849	0102	0202
18495	0202	0101
18506	0202	0101
18518	0202	0101
18531	0101	0202
18536	0202	0101
18545	0101	0202
18547	0202	0101
18558	0101	0202
18559	0202	0101
18560	0101	0202
18561	0202	0101
18566	0101	0102
18572	0102	0101
18576	0101	0102
18577	0102	0101
18581	0101	0202
18590	0202	0101
18592	0102	0101
18597	0101	0202
18603	0202	0101
18604	0102	0202
18610	0202	0101
18611	0101	0202
18612	0202	0101
18614	0101	0202
18616	0202	0101
18617	0101	0202
18621	0202	0101
18626	0101	0202
18634	0202	0102
18636	0101	0202
18637	0202	0101
18642	0101	0202
18645	0202	0101
18650	0101	0102
18654	0102	0202
18657	0202	0101
18676	0102	0202
18698	0202	0101
1870	0101	0202
18702	0202	0102
18707	0102	0101
18713	0101	0202
18717	0202	0102
18723	0202	0101
18728	0101	0102
18731	0102	0202
18736	0202	0101
18737	0101	0202
18739	0101	0102
18748	0202	0101
18757	0202	0102
18771	0202	0101
18781	0101	0202
18785	0202	0101
18786	0202	0101
18802	0202	0102
18803	0102	0202
18804	0202	0101
1881	0101	0202
18811	0202	0101
18814	0101	0202
18819	0102	0101
18823	0101	0102
18826	0202	0101
18829	0101	0202
18830	0202	0101
18833	0102	0202
18834	0202	0101
1884	0101	0202
18841	0202	0101
18846	0101	0202
1885	0202	0102
18850	0202	0101
18851	0102	0202
18864	0202	0101
18878	0101	0102
18887	0101	0202
18892	0202	0101
18893	0102	0202
1890	0202	0102
18908	0102	0101
1891	0101	0202
18910	0202	0101
18939	0202	0102
18948	0202	0101
1895	0102	0101
1896	0101	0202
18974	0202	0101
18979	0101	0202
18980	0202	0102
18997	0101	0102
19002	0102	0101
19018	0101	0202
19035	0101	0202
19038	0202	0101
1904	0101	0202
19046	0202	0101
19058	0101	0102
19064	0102	0202
19071	0102	0101
19078	0101	0202
19080	0202	0101
19084	0101	0202
1911	0202	0101
19118	0101	0202
19123	0202	0101
19131	0101	0102
19141	0101	0102
19144	0202	0101
1916	0101	0102
19161	0102	0202
19172	0102	0101
19183	0102	0202
19192	0202	0102
192	0101	0202
19201	0202	0101
19213	0101	0202
19216	0202	0102
19219	0202	0101
1924	0101	0102
19254	0101	0202
19255	0202	0101
19260	0101	0202
19269	0202	0102
1929	0102	0202
19295	0202	0101
19308	0102	0101
19310	0101	0202
19312	0202	0101
19317	0101	0102
19318	0202	0101
19323	0101	0202
19325	0202	0101
1934	0101	0202
19342	0102	0202
19347	0202	0101
19352	0202	0101
1936	0102	0202
19373	0202	0101
19386	0101	0202
19389	0202	0101
19398	0202	0101
19408	0101	0202
19412	0102	0202
19420	0101	0102
19433	0102	0202
19434	0202	0101
19435	0102	0101
19451	0202	0101
19453	0101	0202
19455	0202	0101
19466	0102	0101
19468	0101	0202
19472	0202	0101
19473	0102	0202
1948	0202	0101
19486	0101	0202
19490	0202	0101
19493	0101	0202
19498	0202	0102
19505	0101	0102
19509	0101	0202
19513	0202	0102
19516	0101	0202
19519	0102	0101
19521	0101	0202
19524	0202	0101
19534	0102	0202
1954	0102	0101
19543	0101	0202
19553	0202	0101
19562	0101	0202
19563	0202	0101
19567	0101	0202
19573	0102	0202
19582	0202	0102
19590	0202	0101
19595	0101	0202
19599	0102	0101
1960	0101	0202
19609	0202	0101
19613	0101	0202
1962	0202	0101
19620	0101	0202
19636	0202	0101
19648	0101	0102
1965	0202	0101
19654	0102	0101
19657	0101	0202
19664	0202	0101
1967	0101	0202
19674	0202	0101
19675	0101	0202
19686	0202	0101
19689	0102	0101
19697	0102	0202
197	0102	0101
19702	0101	0202
19717	0202	0101
19735	0101	0202
19737	0202	0101
19738	0101	0202
1974	0202	0102
19742	0101	0202
19746	0102	0101
19751	0101	0202
19760	0102	0202
19761	0202	0101
19762	0102	0202
19765	0202	0102
19781	0102	0101
19783	0101	0202
19786	0102	0101
19791	0102	0101
19793	0101	0102
19795	0101	0202
19796	0202	0101
19798	0101	0202
19806	0202	0101
19808	0101	0202
19818	0202	0101
19827	0101	0102
19832	0202	0102
19836	0202	0101
19838	0102	0101
19839	0101	0202
19841	0102	0202
19845	0202	0101
19848	0101	0202
19862	0102	0202
19865	0202	0101
19869	0101	0202
1988	0202	0101
19881	0101	0102
19900	0102	0101
19901	0102	0202
19911	0202	0101
19912	0101	0202
19919	0202	0101
19920	0101	0202
19934	0102	0202
19944	0202	0102
19947	0101	0102
19950	0101	0102
19953	0102	0101
19961	0101	0102
19968	0102	0202
19969	0102	0101
19972	0101	0202
19978	0101	0202
19991	0202	0101
19997	0101	0102
19998	0202	0101
2001	0101	0102
20017	0202	0102
20027	0101	0102
20031	0202	0101
20038	0202	0102
20054	0102	0202
20058	0202	0101
20059	0101	0202
20064	0202	0101
20068	0101	0202
20070	0202	0101
20082	0102	0202
20084	0202	0101
20095	0102	0202
20097	0202	0102
20120	0101	0202
20122	0202	0102
20134	0102	0101
20139	0101	0102
20144	0101	0202
20156	0102	0101
2019	0102	0101
20192	0101	0202
20197	0202	0101
20200	0101	0102
20203	0101	0202
20208	0202	0101
20211	0101	0202
20216	0202	0102
2023	0102	0202
20235	0202	0101
20236	0101	0202
20237	0202	0101
20247	0101	0202
20248	0202	0101
20252	0102	0202
20255	0202	0101
20272	0101	0202
20273	0202	0101
20277	0101	0202
20280	0202	0101
20286	0101	0202
20300	0202	0101
20301	0101	0102
20309	0202	0102
20346	0101	0202
20352	0202	0101
20354	0102	0202
20367	0202	0101
20378	0101	0202
20381	0202	0101
20382	0101	0202
20387	0202	0102
20409	0202	0101
20413	0101	0102
20415	0101	0202
20424	0202	0102
20428	0102	0101
20431	0102	0101
20435	0102	0101
20440	0101	0202
2046	0101	0202
20474	0202	0101
20476	0101	0202
20479	0101	0202
20480	0202	0102
20487	0202	0101
2049	0202	0102
20504	0102	0101
20520	0101	0102
20523	0202	0102
2053	0101	0102
20530	0101	0202
20559	0101	0202
20560	0202	0102
20564	0202	0101
20566	0101	0102
20571	0102	0202
20574	0202	0101
20580	0101	0202
20591	0102	0202
2061	0202	0101
20620	0101	0202
20624	0102	0202
20626	0102	0202
20634	0202	0101
20638	0101	0202
20642	0102	0202
20644	0102	0101
20645	0101	0102
20669	0202	0101
20674	0102	0101
20679	0102	0101
20697	0101	0202
2070	0202	0101
20716	0102	0202
20728	0202	0101
2073	0101	0202
20734	0101	0102
20737	0102	0101
20739	0101	0202
20748	0202	0102
20750	0102	0202
20753	0102	0202
20757	0202	0101
20758	0101	0202
20761	0202	0101
20764	0102	0101
20765	0101	0202
20769	0202	0102
20778	0202	0102
20781	0202	0101
2079	0102	0101
20795	0101	0202
20801	0202	0101
20814	0101	0202
2082	0102	0101
20825	0102	0101
20832	0101	0202
20844	0101	0202
20860	0202	0102
20862	0202	0101
20870	0101	0202
20884	0101	0102
20896	0202	0101
20898	0101	0202
20901	0202	0101
20908	0101	0202
20913	0202	0101
20914	0101	0102
20918	0202	0101
20928	0101	0102
20936	0102	0101
20938	0102	0101
20942	0102	0202
20947	0202	0101
2098	0101	0202
20999	0101	0202
2101	0202	0102
21014	0102	0101
21026	0101	0202
21032	0102	0101
21034	0101	0102
21038	0101	0102
21039	0202	0101
2104	0101	0202
21046	0202	0101
21048	0101	0102
2105	0102	0202
21051	0202	0101
21066	0101	0102
21071	0202	0102
21074	0101	0202
21076	0202	0101
21077	0101	0102
21082	0101	0202
21083	0202	0101
21085	0101	0102
21089	0202	0101
2109	0101	0202
21090	0102	0101
21108	0101	0202
21116	0202	0101
21128	0202	0101
21133	0102	0202
21140	0202	0101
21158	0101	0202
21159	0202	0101
21163	0101	0202
21167	0102	0101
21174	0202	0102
21180	0101	0202
2120	0202	0102
21217	0101	0202
21220	0102	0202
21226	0202	0101
21258	0101	0202
21265	0202	0102
21267	0102	0202
21269	0202	0101
21295	0101	0102
21304	0202	0101
2131	0101	0102
21310	0102	0202
21323	0202	0101
2133	0101	0102
21336	0101	0202
21343	0102	0101
21346	0101	0202
21365	0202	0101
21367	0102	0202
21368	0202	0102
21406	0202	0102
21407	0102	0202
21412	0202	0102
21416	0202	0101
21420	0101	0202
21424	0202	0101
21428	0102	0202
21432	0202	0101
21439	0101	0202
21440	0202	0101
21441	0102	0101
21443	0101	0202
21451	0202	0101
21453	0102	0101
21454	0102	0101
21464	0102	0202
21473	0102	0101
21475	0101	0102
21496	0202	0102
21507	0101	0202
2151	0102	0101
21512	0101	0202
21523	0202	0101
21526	0101	0202
21539	0101	0202
21542	0202	0101
21546	0102	0202
21549	0102	0101
21552	0101	0202
21559	0102	0101
21561	0101	0202
21564	0202	0102
21576	0101	0202
21579	0202	0101
2158	0101	0102
21581	0101	0102
21584	0102	0202
21588	0202	0101
21589	0101	0202
2159	0202	0101
21591	0101	0202
2160	0202	0101
21602	0101	0102
21610	0202	0101
2164	0202	0101
21644	0202	0101
2165	0101	0202
21661	0202	0102
21671	0101	0202
21672	0202	0101
21677	0101	0202
21682	0202	0102
21685	0102	0202
21690	0202	0101
217	0101	0202
21711	0102	0101
21718	0101	0102
21721	0202	0101
21723	0101	0102
21730	0102	0101
21731	0101	0102
21733	0202	0102
21734	0101	0202
21741	0101	0202
21745	0102	0202
21746	0102	0101
21748	0101	0102
2175	0101	0202
21750	0102	0101
21756	0202	0101
21760	0101	0202
21761	0102	0202
21765	0102	0202
21769	0202	0102
21773	0202	0101
21776	0102	0202
21786	0102	0202
21793	0202	0101
21795	0101	0202
21796	0102	0101
218	0101	0202
21806	0202	0102
21817	0101	0202
21818	0101	0202
21827	0202	0101
21838	0101	0202
21846	0202	0102
21855	0102	0101
21869	0101	0202
21876	0202	0101
21878	0101	0202
21884	0202	0101
21897	0101	0102
21919	0101	0202
21921	0202	0101
21923	0101	0202
21925	0102	0101
21930	0101	0202
21933	0202	0101
21938	0101	0202
21943	0102	0101
21948	0102	0101
21949	0102	0101
2195	0101	0202
21959	0202	0101
21966	0101	0202
21976	0202	0102
21980	0101	0202
21987	0202	0102
21988	0101	0102
21989	0202	0101
21998	0101	0102
22003	0101	0202
22007	0202	0101
22009	0101	0102
22012	0101	0202
2202	0102	0202
22025	0202	0102
22028	0101	0202
22029	0202	0102
22033	0202	0102
22038	0101	0202
22044	0101	0202
22046	0102	0202
22048	0102	0101
22050	0101	0202
22058	0102	0101
2206	0101	0202
22062	0202	0101
22067	0102	0202
22068	0202	0101
22083	0202	0101
22089	0101	0202
22103	0101	0102
22107	0202	0101
22120	0101	0202
22126	0102	0101
2214	0101	0202
22153	0202	0101
22161	0101	0202
22162	0202	0101
22163	0101	0202
2217	0202	0101
22174	0101	0202
22182	0202	0101
22190	0202	0102
22193	0102	0101
22196	0102	0202
22197	0202	0101
2220	0102	0101
22201	0101	0202
22207	0202	0101
22210	0101	0202
22218	0102	0101
22233	0101	0102
22241	0101	0102
22242	0101	0202
22244	0202	0102
22247	0202	0101
22259	0101	0202
22261	0202	0102
22263	0101	0202
22268	0202	0101
22269	0101	0202
22280	0202	0101
22281	0101	0202
22293	0202	0101
22303	0102	0101
22307	0102	0101
2231	0102	0101
22321	0102	0101
22326	0101	0202
22335	0102	0101
22338	0101	0202
2234	0202	0102
22347	0101	0202
22350	0202	0101
22353	0101	0102
22355	0202	0102
22356	0102	0101
22357	0101	0102
22360	0101	0202
22361	0202	0102
22369	0101	0202
2237	0202	0101
22377	0101	0202
22388	0202	0102
22393	0102	0202
2240	0202	0102
22403	0202	0101
22406	0101	0202
22424	0202	0101
22442	0101	0102
22446	0102	0202
22447	0202	0101
22451	0101	0202
22460	0202	0101
22462	0101	0202
22470	0102	0202
22476	0202	0102
22478	0102	0101
22492	0101	0202
22494	0202	0102
22499	0101	0202
22507	0102	0202
22512	0202	0101
22517	0101	0202
22518	0102	0101
22527	0202	0102
22530	0101	0202
22542	0202	0101
22549	0101	0202
22559	0202	0102
22560	0102	0202
22575	0101	0202
22590	0202	0101
22592	0101	0202
22597	0202	0101
22606	0101	0202
22609	0202	0101
22636	0102	0202
22638	0102	0101
22639	0102	0202
22643	0102	0202
22645	0102	0202
22646	0202	0101
22652	0101	0202
22655	0202	0101
22661	0101	0202
22673	0202	0102
22679	0202	0102
22687	0202	0101
22691	0101	0102
22693	0102	0101
22698	0101	0102
22700	0202	0101
22704	0101	0202
22709	0202	0101
22723	0101	0202
22746	0202	0101
22748	0101	0202
2275	0202	0101
22754	0102	0202
22762	0202	0102
22764	0101	0202
22768	0202	0101
22782	0101	0202
22785	0202	0102
2279	0202	0102
22792	0202	0102
2281	0202	0101
22810	0101	0202
22812	0202	0101
22817	0101	0202
22819	0202	0101
22821	0102	0101
22824	0202	0101
22835	0101	0202
22842	0202	0101
22845	0101	0102
22850	0202	0101
22862	0101	0102
22866	0202	0101
22896	0101	0202
22900	0202	0101
22902	0102	0202
22907	0202	0101
22908	0101	0102
22916	0101	0202
22918	0202	0101
22945	0101	0202
22948	0202	0101
22953	0102	0101
22963	0101	0202
22966	0202	0102
22969	0202	0102
22973	0102	0101
22975	0101	0202
22976	0202	0101
22980	0101	0202
22989	0202	0101
230	0101	0202
23037	0102	0202
23038	0202	0101
23045	0202	0101
23054	0101	0202
23055	0202	0101
23057	0102	0202
23066	0202	0101
23067	0101	0102
2309	0202	0101
23091	0101	0102
23095	0102	0202
23099	0101	0102
23100	0101	0202
23125	0202	0101
23133	0102	0101
2314	0102	0202
23140	0202	0101
23141	0101	0102
23144	0101	0202
23147	0102	0101
23152	0101	0102
23154	0101	0202
23162	0202	0102
23164	0101	0102
23169	0101	0202
23171	0102	0202
23183	0202	0102
23185	0102	0101
23193	0101	0202
23205	0202	0102
23207	0102	0101
23227	0102	0101
2323	0101	0102
23245	0101	0202
23255	0202	0101
23261	0101	0202
23263	0202	0102
23285	0202	0102
23286	0102	0202
23288	0202	0102
23291	0101	0202
233	0101	0202
2330	0202	0101
23301	0202	0101
23316	0101	0202
23323	0202	0101
2333	0101	0202
23343	0202	0101
23353	0101	0202
23360	0102	0101
2337	0101	0202
23378	0202	0102
23387	0202	0101
2339	0101	0102
23392	0202	0102
23396	0202	0101
23406	0101	0202
23422	0202	0101
23425	0101	0202
2343	0202	0101
23439	0101	0202
2344	0202	0102
23441	0202	0101
23452	0101	0102
23464	0202	0101
23470	0101	0102
23474	0101	0202
23490	0202	0101
23493	0101	0202
23496	0102	0202
2350	0202	0101
23510	0101	0202
23522	0102	0202
23524	0202	0102
23527	0102	0202
23528	0101	0102
2353	0102	0202
23543	0202	0102
23550	0202	0101
23554	0202	0101
2356	0101	0202
23560	0202	0101
23561	0101	0102
23563	0102	0101
23593	0101	0202
23597	0202	0101
236	0101	0102
2360	0101	0202
23609	0202	0101
23620	0101	0202
23640	0202	0101
2365	0101	0202
23653	0202	0101
23658	0101	0202
23660	0202	0101
23666	0102	0101
23669	0102	0101
2367	0101	0202
23672	0202	0102
23683	0102	0202
23686	0202	0101
23689	0101	0202
23699	0102	0101
2370	0101	0102
23706	0202	0102
23708	0101	0202
23715	0202	0101
23718	0102	0202
2372	0202	0101
23722	0101	0202
23723	0202	0101
23730	0101	0102
23731	0102	0101
23741	0101	0202
23744	0202	0102
23745	0202	0101
23746	0101	0202
23748	0202	0101
23765	0101	0202
23792	0202	0101
23794	0101	0202
23801	0102	0202
23812	0202	0101
23814	0102	0101
23815	0202	0101
23816	0102	0202
23818	0202	0101
23819	0101	0202
23826	0102	0202
23844	0202	0101
23846	0202	0101
2385	0101	0202
23850	0202	0101
23852	0101	0102
23857	0101	0102
23860	0202	0101
23865	0102	0202
23866	0101	0202
2387	0202	0101
23881	0101	0202
23886	0202	0101
239	0101	0202
23901	0202	0101
23904	0102	0101
23910	0101	0102
23912	0202	0102
23915	0202	0102
23918	0202	0101
23919	0101	0202
23924	0202	0101
23925	0101	0202
23930	0101	0202
23934	0202	0101
23935	0101	0202
23939	0202	0101
23947	0101	0202
23949	0202	0101
2395	0101	0202
23954	0202	0101
23955	0101	0202
23957	0102	0202
23968	0101	0202
23971	0202	0102
23972	0101	0202
23976	0202	0102
23978	0101	0102
23980	0202	0102
23981	0102	0202
23991	0202	0102
23998	0102	0202
23999	0202	0101
24001	0101	0202
24015	0202	0101
24018	0101	0102
24033	0202	0101
24040	0202	0101
24049	0101	0202
2405	0202	0101
24051	0101	0202
24052	0202	0101
24054	0101	0202
2406	0202	0101
24072	0101	0102
24080	0101	0202
24086	0202	0101
24088	0101	0102
2409	0101	0202
24094	0202	0102
24101	0101	0202
24108	0202	0102
2411	0102	0202
24117	0202	0102
24118	0102	0101
24140	0101	0102
24158	0101	0102
24166	0202	0101
24167	0101	0202
24171	0202	0101
2419	0101	0102
2420	0101	0202
24219	0102	0101
2424	0101	0202
243	0101	0202
2431	0101	0102
24319	0102	0202
24320	0202	0101
2434	0102	0101
24345	0101	0202
24357	0102	0202
24366	0202	0101
2442	0101	0202
2444	0202	0101
245	0101	0202
24513	0102	0101
24518	0101	0102
24523	0101	0202
24540	0102	0101
2457	0101	0102
24576	0202	0101
24580	0101	0202
24586	0202	0102
2459	0101	0202
24604	0101	0202
2463	0101	0202
24673	0101	0202
24717	0202	0101
24741	0101	0202
24801	0202	0101
2482	0101	0202
2484	0202	0101
24870	0101	0202
24980	0202	0101
25026	0101	0102
25028	0102	0101
2504	0101	0102
25041	0102	0101
2506	0101	0202
2507	0202	0102
25119	0101	0202
2512	0202	0102
2523	0202	0101
2527	0101	0202
2528	0202	0102
2530	0101	0202
2535	0102	0202
2536	0202	0102
2537	0101	0202
2555	0202	0101
2562	0101	0202
2566	0202	0101
2578	0101	0202
2580	0102	0101
2581	0102	0101
2584	0101	0202
2588	0202	0101
2590	0101	0202
2605	0202	0101
2606	0101	0202
2616	0101	0202
262	0102	0202
2631	0102	0202
2635	0202	0102
2646	0202	0101
2649	0101	0102
2650	0202	0101
2652	0101	0102
2653	0202	0102
2656	0202	0101
2658	0101	0202
2662	0202	0102
2664	0202	0102
2688	0102	0202
2691	0202	0102
2695	0202	0101
2696	0101	0202
2699	0202	0101
2702	0101	0202
2703	0202	0101
2705	0101	0102
2708	0202	0102
2715	0202	0101
2723	0202	0101
2745	0101	0202
275	0202	0101
2751	0101	0202
2766	0102	0202
2770	0102	0202
2771	0202	0101
2773	0101	0102
2774	0101	0202
2775	0202	0101
2780	0101	0202
2785	0202	0102
279	0202	0101
2792	0101	0202
2806	0202	0101
2809	0101	0202
2812	0102	0202
2818	0202	0101
2822	0101	0202
2824	0102	0101
2826	0102	0101
2839	0101	0202
2859	0202	0101
286	0102	0101
2869	0101	0202
287	0202	0101
2882	0101	0202
2883	0202	0102
2886	0101	0202
2892	0202	0101
2894	0101	0202
2899	0102	0101
2903	0101	0202
2906	0202	0101
2910	0101	0202
2911	0202	0101
2917	0101	0102
2927	0101	0202
2936	0202	0101
2937	0101	0202
2940	0202	0102
2944	0202	0101
2945	0101	0202
2955	0202	0101
2964	0101	0202
2968	0202	0101
2977	0102	0202
298	0202	0102
2980	0202	0102
2982	0101	0202
2983	0202	0101
2990	0101	0102
2998	0102	0202
3008	0101	0202
3020	0202	0101
3022	0101	0202
3028	0202	0101
3041	0102	0202
3045	0202	0101
3049	0101	0202
3058	0202	0101
3071	0101	0202
3084	0202	0101
3089	0101	0102
3101	0102	0101
3103	0202	0101
3105	0102	0202
3107	0202	0101
3112	0101	0202
3125	0202	0102
3128	0101	0102
3143	0102	0101
3147	0102	0202
3156	0102	0202
3179	0202	0101
3182	0101	0202
3183	0202	0102
3192	0102	0202
3193	0202	0101
3201	0101	0202
3206	0202	0101
3207	0102	0101
3208	0101	0202
3214	0202	0101
3215	0101	0202
3224	0101	0102
3231	0102	0202
3233	0202	0101
3234	0101	0102
3241	0101	0202
325	0101	0102
3255	0202	0101
3256	0101	0102
3257	0101	0202
3265	0102	0202
3268	0202	0101
3273	0101	0202
3275	0202	0101
3276	0101	0202
3279	0202	0102
3283	0202	0101
3286	0101	0102
3293	0101	0202
3301	0202	0101
3314	0101	0202
3315	0202	0101
3317	0101	0202
3318	0102	0101
3323	0101	0202
3329	0202	0101
3333	0101	0202
335	0102	0101
3359	0202	0101
336	0101	0102
3362	0102	0202
3364	0202	0101
3369	0101	0102
3372	0101	0202
3388	0202	0101
339	0101	0102
3398	0102	0101
3403	0202	0101
3406	0101	0202
3410	0202	0102
3411	0101	0202
3423	0202	0101
3424	0101	0202
3438	0202	0101
3446	0202	0101
3465	0101	0202
3467	0202	0102
349	0202	0101
3491	0101	0202
3508	0202	0102
3518	0202	0101
3519	0101	0202
3524	0202	0102
3527	0202	0102
3545	0101	0102
3548	0102	0101
3549	0202	0101
3559	0102	0202
3560	0202	0102
3569	0101	0102
3580	0202	0101
3585	0101	0102
3588	0101	0102
359	0102	0202
3602	0202	0101
3604	0101	0202
3615	0102	0202
3619	0202	0102
3635	0101	0102
3643	0102	0101
3653	0101	0202
3655	0202	0101
3671	0102	0101
3699	0202	0101
3701	0101	0202
3708	0202	0101
3714	0101	0102
3716	0102	0101
3721	0101	0202
373	0202	0102
3741	0202	0101
3742	0101	0202
3743	0102	0101
3759	0101	0202
3760	0202	0101
3761	0101	0202
3768	0202	0102
3771	0202	0101
3772	0102	0202
3777	0102	0101
3784	0101	0102
3787	0202	0101
3789	0202	0101
3798	0102	0202
3800	0202	0101
3802	0101	0202
3811	0202	0101
3816	0101	0202
3824	0202	0102
3827	0202	0101
3831	0102	0202
3838	0102	0101
3856	0101	0102
3863	0101	0102
3868	0101	0202
3880	0102	0101
3884	0101	0202
3885	0202	0102
3890	0101	0202
3891	0202	0102
3894	0202	0101
3903	0102	0101
3907	0101	0202
3914	0202	0101
3917	0101	0202
3922	0202	0101
3925	0102	0101
3933	0202	0101
3937	0101	0102
3941	0202	0101
3948	0101	0102
3950	0102	0202
3958	0102	0101
3960	0101	0202
3963	0202	0102
3967	0101	0202
3970	0102	0101
3982	0102	0101
3983	0101	0102
3988	0202	0102
3991	0102	0101
3993	0101	0202
4006	0202	0101
4007	0101	0102
4011	0202	0101
402	0102	0202
4024	0202	0101
4033	0102	0101
4034	0101	0102
4036	0102	0101
4038	0101	0102
4045	0202	0101
4048	0102	0202
4050	0202	0101
4052	0101	0202
4054	0202	0102
406	0101	0102
4073	0102	0202
4084	0202	0102
4085	0202	0101
4090	0102	0101
4091	0101	0202
4092	0202	0101
4093	0101	0202
4095	0202	0102
4099	0102	0101
4118	0101	0202
4135	0202	0101
4138	0102	0101
4142	0202	0101
4144	0101	0202
415	0202	0101
4151	0101	0202
4155	0202	0101
4161	0101	0202
4176	0102	0202
418	0202	0102
4199	0101	0102
4202	0202	0102
4206	0101	0202
421	0102	0202
4217	0202	0101
4223	0202	0101
4232	0102	0101
4237	0101	0102
4251	0102	0202
4252	0202	0102
4257	0202	0102
4260	0202	0101
4266	0101	0202
4267	0202	0102
4273	0202	0102
4283	0102	0202
4289	0202	0102
429	0102	0101
4299	0101	0202
4316	0102	0101
4320	0102	0202
4324	0102	0202
4326	0202	0101
4331	0101	0202
4333	0102	0202
4335	0202	0101
4338	0101	0202
434	0202	0102
4340	0101	0202
4341	0102	0101
4343	0101	0202
4345	0202	0101
4346	0101	0102
4365	0101	0202
4369	0202	0101
4379	0101	0202
4381	0202	0101
4382	0101	0102
4385	0102	0101
4387	0101	0102
44	0202	0101
4403	0101	0202
4405	0202	0101
4410	0101	0202
4416	0202	0101
4423	0102	0101
4424	0101	0202
444	0202	0101
4451	0101	0102
4454	0202	0101
4462	0102	0101
4481	0102	0202
4482	0202	0101
4486	0102	0101
4489	0101	0102
4490	0102	0202
4518	0102	0202
4528	0102	0101
4529	0101	0102
453	0102	0101
4533	0101	0202
4536	0202	0102
4570	0202	0101
4576	0202	0101
4577	0101	0202
4584	0101	0102
4587	0102	0202
4601	0202	0101
4607	0102	0202
4609	0202	0101
4614	0101	0102
4622	0202	0101
4626	0101	0202
4629	0202	0101
4632	0101	0202
4635	0102	0202
4643	0202	0101
4647	0101	0202
4651	0202	0101
4662	0102	0101
4665	0102	0202
4680	0202	0102
4681	0202	0102
4689	0102	0202
469	0202	0101
4695	0102	0101
4697	0101	0202
4702	0202	0101
4705	0101	0202
472	0202	0102
4721	0202	0101
4722	0102	0101
4724	0102	0101
4728	0101	0102
4733	0202	0102
4735	0202	0101
4740	0101	0102
4744	0102	0202
4748	0202	0102
475	0102	0101
4752	0102	0101
4759	0101	0202
476	0102	0101
4765	0101	0202
4768	0202	0102
4770	0101	0202
4773	0202	0102
4784	0202	0101
4792	0101	0202
4801	0202	0102
4815	0202	0101
4822	0101	0202
4831	0202	0101
4846	0102	0101
4849	0101	0202
4872	0202	0102
4877	0101	0102
4879	0101	0102
488	0202	0101
4888	0101	0202
490	0202	0101
4912	0101	0202
4916	0202	0101
4928	0101	0202
4929	0202	0102
4944	0202	0102
4953	0202	0101
4955	0101	0102
4960	0102	0101
4969	0101	0202
4971	0202	0101
4974	0101	0102
4977	0202	0101
4986	0102	0202
4988	0202	0101
4991	0102	0202
4997	0202	0101
5005	0102	0202
5013	0202	0101
5020	0102	0202
5023	0202	0101
5025	0101	0102
5026	0102	0202
5031	0202	0101
504	0101	0202
5046	0202	0102
5075	0202	0102
5076	0202	0101
5083	0102	0101
5096	0102	0202
5106	0102	0101
5107	0101	0202
5115	0102	0202
5118	0202	0101
5122	0101	0102
5129	0101	0102
5134	0202	0102
5135	0102	0202
5141	0101	0102
5151	0101	0202
5163	0202	0101
5172	0101	0102
5177	0101	0202
5181	0101	0202
5185	0202	0101
5188	0101	0202
5190	0202	0102
5191	0202	0101
52	0101	0102
5204	0202	0101
5207	0101	0202
5209	0102	0101
5212	0101	0202
5228	0202	0101
5238	0101	0202
5244	0202	0101
525	0102	0101
5251	0101	0202
5263	0202	0101
5266	0101	0202
5272	0202	0101
5276	0101	0202
5280	0202	0101
5283	0101	0202
5296	0101	0202
5297	0202	0101
5302	0101	0102
5306	0202	0101
5316	0101	0102
5324	0202	0102
5328	0101	0202
5329	0202	0101
5336	0101	0202
534	0202	0101
5352	0102	0101
5365	0102	0202
5378	0202	0101
538	0102	0101
5385	0102	0202
5389	0101	0102
539	0101	0202
5392	0202	0101
5400	0101	0102
5409	0101	0202
5424	0202	0101
5428	0101	0202
5429	0202	0101
5437	0101	0102
5438	0102	0202
5439	0102	0101
5440	0102	0101
5442	0102	0101
5454	0101	0202
5460	0202	0101
5463	0102	0101
5467	0101	0102
5472	0101	0202
5477	0102	0101
5480	0101	0102
5489	0202	0101
549	0101	0202
5501	0202	0101
5513	0101	0102
5515	0102	0202
5524	0202	0101
5530	0101	0202
5538	0202	0101
5553	0101	0202
5555	0202	0101
5562	0102	0101
5566	0102	0202
5567	0202	0101
5576	0101	0202
5580	0202	0101
5589	0101	0102
5597	0101	0102
5598	0202	0101
5602	0101	0102
5608	0102	0202
5618	0102	0101
5631	0202	0102
5634	0202	0102
5636	0102	0202
5642	0202	0101
5645	0101	0202
5651	0102	0101
5655	0102	0101
566	0102	0202
5677	0202	0102
5679	0202	0101
5680	0101	0202
5684	0202	0101
5689	0101	0202
5696	0102	0101
5699	0101	0102
5700	0202	0102
5714	0102	0202
5721	0102	0101
5722	0101	0102
5726	0102	0202
5728	0102	0101
5739	0102	0101
5742	0202	0101
5751	0101	0202
5754	0202	0101
5755	0101	0202
5776	0202	0102
5778	0101	0202
5781	0202	0101
5782	0101	0202
5792	0202	0102
5793	0202	0101
5797	0202	0102
580	0202	0101
5803	0101	0102
5804	0102	0101
5806	0102	0202
5811	0202	0101
5819	0202	0101
5821	0101	0202
5846	0102	0202
5858	0101	0102
5860	0202	0101
5869	0101	0202
5877	0202	0102
5878	0101	0202
5888	0202	0102
5891	0102	0202
5895	0202	0101
59	0101	0202
5900	0202	0102
5903	0102	0101
5912	0101	0102
5920	0202	0102
5923	0102	0202
5924	0102	0101
5930	0101	0202
5932	0202	0101
594	0101	0102
5964	0102	0101
5988	0101	0202
5995	0102	0101
5998	0101	0202
6	0202	0101
6019	0202	0102
6036	0101	0202
6042	0202	0101
6043	0101	0202
6044	0202	0101
6046	0102	0101
6047	0102	0202
6060	0102	0101
6064	0101	0202
6065	0202	0101
6085	0101	0102
6087	0101	0202
609	0202	0101
6097	0101	0102
610	0102	0101
6106	0101	0102
6109	0102	0101
6113	0101	0202
6117	0102	0101
6121	0101	0202
6127	0202	0101
6129	0101	0202
6135	0202	0101
6138	0101	0202
6152	0202	0101
6166	0102	0101
6168	0101	0202
6170	0202	0101
6172	0101	0202
6183	0202	0101
6184	0101	0202
6185	0102	0202
6188	0202	0102
6189	0101	0102
6192	0101	0102
6194	0101	0202
6206	0202	0101
6214	0101	0202
6232	0202	0102
6233	0102	0202
6239	0202	0102
6242	0202	0101
6244	0101	0102
626	0101	0202
6262	0202	0101
6268	0101	0202
6276	0202	0101
6279	0101	0202
6280	0102	0101
6283	0202	0102
6285	0202	0101
6286	0101	0102
6288	0101	0202
6292	0102	0202
6297	0202	0101
6306	0101	0102
6310	0102	0202
6312	0202	0101
6316	0101	0202
6330	0102	0101
6341	0101	0102
6342	0202	0101
6344	0101	0202
6348	0102	0202
6351	0102	0101
6358	0101	0202
6365	0202	0102
6369	0102	0202
6373	0202	0101
6394	0102	0202
6406	0202	0101
6407	0101	0202
641	0202	0101
6412	0101	0202
6416	0202	0101
6420	0101	0102
6425	0102	0202
6429	0202	0101
6436	0101	0202
644	0202	0102
6455	0202	0101
6466	0101	0102
6468	0101	0102
6469	0101	0202
6474	0202	0101
6477	0101	0102
6493	0101	0102
6495	0102	0101
6505	0102	0202
6519	0202	0102
6528	0101	0202
6529	0202	0101
653	0101	0102
6531	0101	0202
6534	0202	0101
6536	0101	0202
6545	0102	0101
6549	0101	0202
6551	0101	0202
6552	0202	0101
6558	0101	0102
656	0202	0102
6562	0202	0101
6570	0101	0102
6575	0101	0102
6576	0102	0101
6578	0101	0102
6581	0202	0101
6600	0101	0202
6611	0102	0101
6612	0101	0202
6613	0202	0101
6620	0102	0202
6627	0202	0101
6629	0102	0202
6633	0202	0102
6648	0202	0101
6650	0101	0202
6652	0202	0101
666	0102	0101
6665	0101	0202
6673	0202	0102
6681	0202	0102
6684	0202	0101
6688	0102	0202
6689	0202	0101
6692	0101	0202
6702	0202	0101
6707	0101	0202
6714	0202	0101
673	0102	0101
6731	0101	0102
6737	0202	0102
6738	0101	0202
6741	0202	0101
6759	0101	0202
676	0202	0101
6762	0101	0102
6763	0102	0101
6771	0101	0202
6778	0202	0101
678	0101	0202
6780	0202	0101
6782	0101	0202
6784	0202	0101
680	0202	0101
6812	0202	0101
6818	0102	0202
6819	0202	0101
6822	0102	0101
6828	0101	0202
6830	0202	0101
6831	0101	0202
6837	0202	0102
6860	0102	0202
6872	0202	0101
6875	0101	0202
6886	0101	0102
6887	0101	0202
69	0202	0102
6901	0101	0202
6903	0202	0102
6904	0202	0101
6907	0102	0101
6912	0101	0202
6914	0202	0101
6915	0102	0202
6924	0202	0101
6925	0101	0202
6928	0202	0102
693	0102	0101
6932	0102	0202
6934	0102	0202
6943	0202	0102
6953	0101	0102
6961	0101	0202
6966	0102	0202
697	0202	0102
6972	0202	0102
7002	0101	0202
7003	0202	0101
7009	0101	0202
7015	0202	0101
7023	0101	0202
7033	0202	0101
7039	0101	0202
7051	0202	0102
7064	0202	0102
7066	0102	0101
7070	0101	0202
7077	0102	0202
7081	0202	0101
709	0101	0202
7092	0202	0101
7095	0102	0202
7103	0202	0102
7116	0202	0102
7117	0102	0202
7121	0202	0102
7127	0202	0101
7134	0101	0202
7137	0202	0102
7139	0202	0102
7151	0101	0202
7153	0102	0202
7161	0102	0202
7165	0202	0101
7174	0102	0101
7180	0101	0202
7182	0202	0101
7184	0102	0202
7189	0102	0202
7194	0102	0101
7216	0101	0202
7223	0202	0101
7225	0101	0102
7232	0202	0101
7236	0102	0101
7277	0101	0202
7282	0202	0101
7292	0102	0101
7299	0101	0202
730	0202	0101
7308	0102	0101
732	0202	0101
7325	0101	0102
7326	0102	0101
7337	0102	0202
7338	0202	0101
7340	0101	0202
7350	0202	0101
7356	0101	0202
7362	0202	0102
7364	0102	0202
7371	0202	0102
7378	0101	0202
738	0202	0101
7384	0101	0202
740	0202	0102
7405	0101	0202
7409	0202	0101
741	0102	0101
7416	0101	0102
7418	0101	0202
7419	0202	0101
7428	0101	0102
7432	0202	0101
7436	0102	0202
7443	0101	0202
7445	0101	0102
7447	0102	0101
7457	0101	0202
7458	0202	0101
7471	0101	0102
7477	0101	0202
7502	0202	0102
7506	0102	0202
7512	0202	0101
7513	0101	0102
7514	0101	0102
7515	0102	0202
7517	0202	0101
752	0101	0202
7523	0202	0102
7525	0202	0101
7528	0202	0101
7530	0202	0102
7532	0101	0202
7539	0202	0101
7540	0101	0202
7543	0101	0202
7560	0102	0101
7565	0101	0202
7567	0202	0102
7571	0101	0102
7578	0102	0202
7580	0202	0101
7588	0101	0102
7591	0202	0101
7602	0102	0202
761	0202	0101
7611	0102	0101
7616	0101	0202
7620	0102	0202
7625	0202	0101
7631	0101	0102
7644	0202	0101
765	0101	0202
7656	0202	0102
7657	0202	0101
7662	0101	0102
7667	0202	0101
7672	0101	0202
768	0102	0202
7684	0202	0101
7685	0101	0102
7698	0202	0101
7701	0101	0202
7703	0102	0202
771	0202	0101
7711	0202	0101
7714	0101	0102
7715	0102	0101
7721	0102	0202
7750	0202	0102
7755	0101	0102
7756	0102	0202
7770	0101	0202
7776	0202	0102
7787	0102	0202
7789	0202	0101
7790	0101	0202
7794	0202	0101
7798	0101	0202
7803	0102	0202
7807	0202	0101
7812	0101	0102
7815	0101	0102
7816	0101	0202
7818	0202	0101
782	0102	0202
7822	0202	0101
7836	0101	0102
7840	0101	0202
7858	0102	0101
7868	0101	0202
7879	0101	0202
7881	0102	0101
7887	0102	0202
7892	0202	0101
7913	0102	0202
792	0202	0101
7921	0101	0202
7923	0202	0102
7925	0101	0102
7929	0202	0102
7935	0101	0102
7940	0202	0101
7943	0101	0102
7945	0101	0202
7962	0101	0202
7967	0202	0102
797	0202	0101
7987	0102	0101
7992	0101	0202
7995	0202	0101
8005	0202	0101
8015	0102	0202
8018	0102	0202
8019	0101	0202
8020	0102	0101
803	0102	0202
8035	0202	0101
8041	0101	0102
8053	0202	0101
8054	0102	0202
8056	0202	0102
8063	0202	0101
8067	0202	0102
8074	0102	0202
8078	0102	0101
8083	0101	0202
8090	0202	0101
8093	0101	0102
8099	0101	0102
8101	0202	0102
812	0102	0101
8122	0101	0202
8130	0202	0101
8144	0102	0202
8145	0202	0102
8150	0102	0202
8162	0202	0101
8170	0101	0102
8172	0102	0202
8178	0202	0102
8188	0202	0101
819	0101	0202
8192	0202	0101
8202	0101	0202
8204	0202	0101
8214	0101	0202
8227	0102	0202
8231	0202	0101
8236	0102	0101
8243	0102	0202
8245	0102	0101
8246	0101	0102
8258	0202	0101
8262	0101	0102
8264	0202	0101
8269	0101	0202
8276	0202	0101
8279	0101	0202
8290	0202	0101
8294	0101	0202
830	0202	0102
8300	0202	0101
8302	0102	0101
8315	0101	0102
8340	0101	0102
8347	0202	0101
8355	0102	0202
8356	0102	0202
8361	0202	0102
8370	0202	0101
8382	0101	0202
8386	0202	0101
8387	0101	0202
8395	0202	0101
84	0101	0102
8408	0202	0101
8417	0101	0202
8422	0202	0101
8425	0101	0202
8436	0202	0101
8445	0101	0202
8446	0202	0101
8451	0101	0202
8464	0102	0202
8466	0202	0101
8472	0202	0102
8473	0102	0101
8514	0101	0202
8528	0101	0202
8530	0102	0101
8552	0101	0102
8554	0101	0202
8562	0202	0101
8568	0101	0202
8572	0202	0101
8581	0101	0202
8582	0202	0101
8583	0101	0202
8584	0101	0202
8595	0202	0102
8596	0202	0101
8598	0102	0202
8599	0202	0101
8608	0101	0102
8622	0101	0202
8626	0101	0202
8630	0102	0202
8635	0202	0102
8639	0101	0102
8643	0101	0102
8657	0101	0202
867	0202	0101
8676	0101	0102
8688	0101	0202
869	0202	0101
8692	0101	0202
8694	0202	0102
8697	0102	0202
8700	0202	0102
8707	0102	0101
8722	0101	0102
8723	0202	0101
8731	0101	0202
8732	0202	0102
8736	0202	0101
8738	0202	0102
8739	0101	0102
8744	0102	0202
8759	0102	0202
8770	0101	0102
8775	0102	0101
878	0102	0202
8783	0202	0101
8784	0101	0202
8792	0102	0202
8798	0102	0101
8802	0102	0202
8803	0202	0102
8805	0101	0102
8807	0202	0101
8819	0202	0101
8823	0101	0202
8833	0102	0202
8835	0202	0101
8842	0101	0102
8848	0101	0202
8855	0202	0102
8856	0102	0202
8865	0202	0101
8870	0102	0202
888	0102	0202
8882	0202	0101
8883	0101	0202
8889	0202	0102
8895	0102	0202
8896	0202	0101
8897	0101	0202
890	0102	0202
8913	0101	0202
8918	0102	0101
8929	0101	0202
8935	0202	0101
8946	0102	0202
8972	0102	0101
8983	0101	0202
8987	0202	0101
8998	0101	0202
9000	0202	0101
901	0101	0202
9010	0202	0102
9012	0101	0202
9019	0202	0101
9022	0101	0102
9036	0101	0202
9039	0202	0102
9040	0202	0102
9041	0102	0202
9043	0202	0101
908	0101	0202
9081	0101	0202
9083	0202	0102
9084	0202	0102
9096	0202	0102
9097	0202	0101
91	0102	0202
9101	0202	0102
911	0101	0202
9115	0202	0101
9118	0101	0202
9127	0202	0101
9148	0102	0101
9149	0101	0202
9153	0202	0101
9161	0101	0202
9169	0102	0202
919	0202	0102
9193	0102	0101
9197	0101	0102
9203	0102	0202
9205	0102	0101
9224	0202	0102
9229	0202	0101
9236	0101	0202
9240	0101	0202
9243	0202	0101
9250	0101	0202
9257	0202	0101
9258	0101	0202
9260	0102	0101
9273	0101	0202
9274	0202	0101
9279	0101	0102
9283	0101	0102
9284	0102	0202
9295	0202	0102
9297	0102	0101
93	0102	0101
9301	0101	0102
9304	0102	0202
9310	0202	0101
9315	0102	0101
9316	0102	0101
9319	0101	0102
9322	0202	0102
9338	0101	0202
9339	0102	0202
9341	0202	0101
9347	0101	0202
9349	0202	0102
9351	0102	0101
9353	0101	0202
9355	0202	0101
9382	0101	0102
9383	0101	0102
9386	0102	0101
9390	0101	0202
9392	0202	0102
9399	0101	0202
94	0202	0101
9410	0101	0102
9417	0102	0202
9420	0202	0101
9432	0101	0202
9441	0102	0101
9447	0101	0202
949	0101	0102
9491	0101	0202
9497	0202	0102
95	0101	0102
9505	0202	0101
9510	0101	0202
9511	0102	0202
9515	0202	0102
9516	0101	0102
9517	0102	0202
9529	0202	0101
953	0101	0202
9534	0102	0202
9536	0102	0101
9540	0102	0101
9542	0101	0102
9543	0202	0102
9545	0202	0101
9547	0101	0202
9549	0202	0101
9561	0101	0102
9564	0102	0202
9571	0202	0101
9582	0101	0202
9583	0202	0101
9589	0101	0102
959	0202	0101
9594	0101	0102
9598	0102	0101
96	0101	0202
9604	0102	0202
9606	0202	0102
9609	0101	0202
9615	0202	0102
9626	0202	0101
9639	0101	0102
9648	0101	0202
9654	0202	0101
966	0101	0202
9683	0102	0101
9684	0101	0202
9689	0202	0101
9693	0202	0102
9694	0102	0202
9695	0202	0101
9705	0101	0202
971	0202	0102
9713	0101	0102
9714	0202	0101
9724	0101	0102
9735	0202	0102
9736	0202	0102
9738	0101	0202
9741	0202	0101
9755	0102	0202
9758	0102	0202
9764	0202	0101
9769	0101	0102
9775	0102	0202
9779	0202	0101
979	0101	0202
9790	0202	0101
9791	0101	0202
9793	0202	0102
9799	0102	0202
98	0202	0101
9810	0101	0202
9829	0202	0101
9836	0101	0102
9837	0202	0101
9842	0101	0102
9843	0101	0102
9845	0102	0101
9853	0202	0102
9854	0101	0102
9856	0102	0202
9859	0202	0101
9873	0101	0202
9888	0101	0102
9892	0101	0202
9895	0202	0102
9914	0102	0101
9917	0101	0102
9922	0101	0202
9941	0202	0101
9959	0101	0202
9969	0102	0202
ALL	5690	5690
