Output from NeEstimator v.2
Starting time: Tue Nov 21 17:41:15 2017
Input File: "D:\Pacific cod\DataAnalysis\PCod-Korea-repo\stacks_b8_wgenome\batch_8_fiHderetlifilteredHWE_filteredRepsC_NeInput2_byRegionLD"

Number of Loci = 5405

Non-polymorphic loci:     7,    27,    32,    38,    40,    47,    48,    97,
          131,   133,   166,   177,   186,   196,   212,   216,   259,   260,
          268,   288,   297,   316,   322,   332,   352,   380,   385,   445,
          459,   490,   503,   510,   512,   535,   537,   552,   559,   577,
          593,   596,   622,   629,   662,   677,   714,   746,   773,   796,
          799,   814,   829,   863,   873,   895,   899,   913,   914,   932,
          935,   939,   949,   958,  1011,  1013,  1018,  1020,  1024,  1034,
         1037,  1056,  1072,  1080,  1099,  1114,  1159,  1173,  1174,  1201,
         1223,  1255,  1277,  1289,  1310,  1316,  1320,  1357,  1360,  1376,
         1391,  1393,  1404,  1465,  1471,  1478,  1498,  1503,  1507,  1508,
         1532,  1539,  1567,  1586,  1617,  1622,  1638,  1645,  1687,  1691,
         1696,  1702,  1723,  1729,  1738,  1763,  1812,  1816,  1850,  1939,
         1949,  2008,  2022,  2024,  2026,  2072,  2087,  2111,  2119,  2131,
         2160,  2189,  2196,  2200,  2218,  2231,  2255,  2279,  2294,  2324,
         2350,  2360,  2392,  2393,  2451,  2470,  2490,  2503,  2508,  2521,
         2558,  2591,  2611,  2613,  2654,  2658,  2675,  2677,  2731,  2734,
         2749,  2754,  2783,  2808,  2814,  2839,  2844,  2876,  2889,  2915,
         2931,  2946,  2956,  2966,  2982,  2993,  3029,  3040,  3079,  3117,
         3127,  3192,  3214,  3226,  3237,  3246,  3249,  3254,  3339,  3340,
         3341,  3353,  3354,  3436,  3520,  3531,  3541,  3587,  3645,  3646,
         3675,  3681,  3691,  3755,  3762,  3796,  3799,  3825,  3831,  3832,
         3847,  3860,  3865,  3922,  3928,  3932,  3947,  3966,  3970,  3990,
         4002,  4042,  4048,  4071,  4075,  4079,  4103,  4124,  4131,  4132,
         4147,  4159,  4175,  4177,  4233,  4242,  4260,  4274,  4301,  4343,
         4345,  4349,  4358,  4387,  4407,  4420,  4431,  4437,  4451,  4462,
         4481,  4482,  4501,  4504,  4521,  4535,  4552,  4578,  4581,  4595,
         4599,  4608,  4624,  4638,  4656,  4685,  4691,  4731,  4751,  4757,
         4839,  4852,  4865,  4875,  4890,  4906,  4948,  4999,  5001,  5004,
         5007,  5011,  5057,  5067,  5122,  5159,  5199,  5220,  5282,  5308,
         5327,  5363,  5398
Total non-polymorphic = 291

LD mating model: Random

Population     1 [PO010715_02]  (Number of Individuals = 173)
****************
--------------------------------------------------------------------------
Lowest Allele Frequency Used     0.050       0.020       0.010         0+
--------------------------------------------------------------------------

LINKAGE DISEQUILIBRIUM METHOD

Harmonic Mean Sample Size =      167.4       167.4       167.4       167.4
Independent Comparisons =    4853209     8399368    10090189    13058977
OverAll r^2 =                  0.00665     0.00660     0.00668     0.00700
Expected r^2 Sample =          0.00608     0.00608     0.00608     0.00608
Estimated Ne^ =                  578.8       636.6       555.3       360.4

95% CIs for Ne^
* Parametric                     570.5       629.0       549.9       358.3
                                 587.4       644.4       560.8       362.6

* CIs by Jackknife are skipped when number of polymorphic loci > 100

**************************************************************************

Time: Tue Nov 21 17:55:29 2017

Non-polymorphic loci:    13,    15,    23,    28,    32,    36,    38,    45,
           47,    64,    71,    93,    97,   139,   161,   163,   165,   180,
          205,   208,   212,   239,   243,   254,   265,   268,   281,   283,
          284,   286,   288,   297,   309,   310,   321,   322,   332,   353,
          359,   375,   387,   391,   402,   405,   406,   414,   436,   445,
          454,   460,   479,   485,   486,   493,   496,   525,   530,   552,
          558,   584,   586,   595,   629,   647,   654,   664,   669,   670,
          717,   725,   733,   740,   757,   765,   784,   785,   812,   814,
          818,   859,   860,   866,   873,   874,   892,   898,   905,   912,
          914,   919,   921,   934,   946,   956,   967,   970,   985,   992,
          996,   999,  1001,  1014,  1020,  1034,  1053,  1058,  1062,  1070,
         1072,  1094,  1117,  1123,  1135,  1139,  1146,  1148,  1166,  1179,
         1180,  1203,  1225,  1232,  1236,  1248,  1249,  1255,  1291,  1296,
         1310,  1335,  1350,  1354,  1357,  1376,  1377,  1395,  1401,  1405,
         1413,  1415,  1426,  1431,  1440,  1443,  1447,  1454,  1464,  1482,
         1483,  1486,  1493,  1502,  1505,  1527,  1533,  1565,  1578,  1586,
         1595,  1598,  1599,  1604,  1617,  1630,  1638,  1645,  1656,  1669,
         1688,  1691,  1720,  1721,  1722,  1729,  1731,  1739,  1780,  1803,
         1816,  1817,  1832,  1841,  1846,  1849,  1859,  1863,  1882,  1912,
         1921,  1925,  1947,  1953,  1972,  1980,  1986,  1989,  1995,  1998,
         2012,  2016,  2018,  2022,  2023,  2027,  2052,  2058,  2061,  2083,
         2096,  2097,  2130,  2131,  2154,  2160,  2170,  2187,  2222,  2236,
         2238,  2240,  2243,  2244,  2254,  2316,  2322,  2324,  2340,  2344,
         2371,  2381,  2385,  2387,  2413,  2419,  2423,  2427,  2435,  2451,
         2462,  2472,  2484,  2491,  2503,  2514,  2526,  2532,  2545,  2558,
         2567,  2570,  2591,  2592,  2604,  2613,  2619,  2623,  2628,  2630,
         2632,  2636,  2667,  2677,  2679,  2685,  2711,  2716,  2718,  2725,
         2731,  2736,  2749,  2757,  2758,  2761,  2783,  2800,  2817,  2820,
         2838,  2849,  2851,  2876,  2879,  2889,  2895,  2897,  2901,  2918,
         2923,  2949,  2985,  2987,  2989,  2994,  2996,  3012,  3018,  3030,
         3051,  3068,  3069,  3074,  3078,  3086,  3104,  3127,  3138,  3168,
         3174,  3175,  3180,  3207,  3214,  3223,  3226,  3237,  3244,  3246,
         3250,  3253,  3255,  3285,  3292,  3297,  3321,  3328,  3334,  3338,
         3344,  3351,  3355,  3370,  3393,  3396,  3408,  3444,  3447,  3461,
         3484,  3506,  3520,  3525,  3527,  3533,  3544,  3550,  3552,  3598,
         3599,  3607,  3610,  3622,  3638,  3641,  3676,  3680,  3681,  3698,
         3701,  3705,  3717,  3724,  3729,  3731,  3733,  3734,  3742,  3746,
         3757,  3769,  3772,  3799,  3807,  3845,  3857,  3876,  3877,  3912,
         3915,  3934,  3947,  3949,  3950,  3963,  3971,  3988,  3993,  4003,
         4007,  4056,  4058,  4061,  4072,  4109,  4120,  4124,  4156,  4167,
         4168,  4180,  4187,  4189,  4202,  4208,  4210,  4214,  4216,  4220,
         4221,  4239,  4245,  4257,  4261,  4274,  4285,  4286,  4291,  4293,
         4294,  4295,  4313,  4340,  4345,  4348,  4349,  4350,  4358,  4368,
         4369,  4372,  4418,  4422,  4423,  4426,  4427,  4437,  4449,  4451,
         4462,  4473,  4490,  4503,  4504,  4510,  4522,  4532,  4548,  4561,
         4563,  4571,  4575,  4582,  4594,  4606,  4614,  4620,  4622,  4626,
         4630,  4633,  4638,  4648,  4654,  4690,  4691,  4698,  4702,  4713,
         4717,  4741,  4744,  4782,  4820,  4822,  4830,  4833,  4834,  4839,
         4842,  4852,  4856,  4929,  4936,  4942,  4946,  4952,  4975,  4978,
         4981,  4997,  4999,  5001,  5004,  5006,  5008,  5013,  5014,  5018,
         5031,  5043,  5046,  5056,  5088,  5103,  5108,  5110,  5116,  5122,
         5124,  5127,  5135,  5156,  5159,  5160,  5182,  5192,  5201,  5210,
         5215,  5222,  5231,  5239,  5241,  5258,  5265,  5268,  5272,  5277,
         5308,  5316,  5326,  5358,  5360,  5364
Total non-polymorphic = 534


Population     2 [YS_121316_01]  (Number of Individuals = 47)
****************
--------------------------------------------------------------------------
Lowest Allele Frequency Used     0.050       0.020       0.010         0+
--------------------------------------------------------------------------

LINKAGE DISEQUILIBRIUM METHOD

Harmonic Mean Sample Size =       45.7        45.7        45.6        45.6
Independent Comparisons =    5770482     9959739    11836864    11836864
OverAll r^2 =                  0.02398     0.02402     0.02398     0.02398
Expected r^2 Sample =          0.02337     0.02338     0.02339     0.02339
Estimated Ne^ =                  545.6       525.9       565.9       565.9

95% CIs for Ne^
* Parametric                     521.8       508.8       547.8       547.8
                                 571.6       544.1       585.2       585.2

* CIs by Jackknife are skipped when number of polymorphic loci > 100

**************************************************************************

Time: Tue Nov 21 18:00:15 2017

Non-polymorphic loci:    25,    27,    28,    30,    34,    49,    59,    65,
           76,    82,    83,    84,    91,   121,   130,   131,   134,   135,
          142,   146,   160,   161,   163,   180,   185,   223,   233,   243,
          248,   250,   253,   281,   283,   286,   316,   321,   352,   353,
          379,   386,   391,   402,   406,   414,   425,   427,   436,   443,
          490,   498,   503,   511,   515,   520,   523,   524,   525,   527,
          534,   535,   537,   545,   547,   550,   564,   577,   593,   595,
          608,   612,   640,   653,   654,   658,   669,   681,   683,   698,
          725,   733,   736,   743,   756,   768,   773,   775,   777,   784,
          790,   818,   850,   859,   863,   866,   874,   886,   892,   894,
          913,   927,   930,   942,   944,   952,   956,   957,   970,   976,
          984,   991,   992,   995,   997,   999,  1001,  1008,  1014,  1035,
         1040,  1043,  1055,  1058,  1062,  1083,  1094,  1114,  1117,  1119,
         1122,  1148,  1159,  1164,  1166,  1173,  1174,  1192,  1199,  1232,
         1236,  1249,  1259,  1277,  1283,  1291,  1296,  1328,  1329,  1350,
         1354,  1359,  1360,  1368,  1379,  1393,  1395,  1404,  1412,  1435,
         1448,  1449,  1461,  1464,  1466,  1470,  1480,  1500,  1515,  1536,
         1562,  1564,  1565,  1569,  1570,  1580,  1602,  1621,  1622,  1637,
         1648,  1657,  1688,  1696,  1720,  1726,  1731,  1738,  1739,  1744,
         1763,  1780,  1784,  1809,  1812,  1829,  1836,  1838,  1840,  1850,
         1856,  1865,  1867,  1888,  1900,  1920,  1921,  1956,  1972,  1995,
         2018,  2020,  2043,  2052,  2058,  2061,  2072,  2083,  2096,  2111,
         2114,  2146,  2153,  2187,  2192,  2203,  2256,  2258,  2288,  2332,
         2333,  2340,  2341,  2347,  2351,  2360,  2369,  2402,  2419,  2423,
         2425,  2435,  2444,  2463,  2473,  2478,  2484,  2487,  2491,  2493,
         2509,  2520,  2525,  2532,  2554,  2561,  2569,  2579,  2592,  2596,
         2604,  2622,  2623,  2632,  2636,  2638,  2669,  2672,  2675,  2679,
         2682,  2691,  2696,  2704,  2718,  2726,  2730,  2734,  2742,  2746,
         2761,  2763,  2807,  2817,  2859,  2863,  2879,  2887,  2890,  2896,
         2897,  2901,  2904,  2923,  2924,  2931,  2949,  2954,  2969,  2984,
         2994,  3012,  3023,  3027,  3043,  3050,  3059,  3074,  3078,  3079,
         3093,  3095,  3100,  3101,  3103,  3152,  3156,  3163,  3168,  3179,
         3192,  3240,  3250,  3253,  3257,  3261,  3266,  3285,  3293,  3305,
         3325,  3328,  3334,  3336,  3340,  3363,  3371,  3372,  3383,  3393,
         3396,  3418,  3419,  3421,  3436,  3444,  3448,  3458,  3461,  3463,
         3465,  3484,  3497,  3506,  3510,  3525,  3531,  3532,  3555,  3588,
         3591,  3595,  3601,  3638,  3641,  3649,  3661,  3673,  3691,  3694,
         3695,  3701,  3714,  3717,  3719,  3733,  3734,  3746,  3750,  3753,
         3772,  3773,  3811,  3815,  3820,  3825,  3839,  3843,  3887,  3897,
         3915,  3923,  3924,  3928,  3932,  3948,  3959,  3971,  3975,  3976,
         3982,  3987,  4003,  4009,  4016,  4025,  4033,  4039,  4048,  4061,
         4064,  4067,  4070,  4085,  4092,  4100,  4103,  4120,  4128,  4139,
         4140,  4159,  4161,  4166,  4167,  4169,  4171,  4172,  4178,  4183,
         4202,  4233,  4245,  4261,  4262,  4279,  4286,  4295,  4296,  4325,
         4336,  4343,  4346,  4366,  4384,  4385,  4388,  4394,  4411,  4439,
         4442,  4443,  4449,  4470,  4473,  4480,  4491,  4496,  4510,  4521,
         4523,  4525,  4547,  4550,  4555,  4561,  4569,  4571,  4577,  4582,
         4603,  4608,  4611,  4627,  4641,  4642,  4648,  4649,  4656,  4667,
         4668,  4699,  4741,  4750,  4755,  4762,  4788,  4821,  4822,  4848,
         4850,  4853,  4866,  4872,  4879,  4900,  4926,  4928,  4936,  4944,
         4947,  4961,  4965,  4975,  4976,  4981,  4984,  4995,  5007,  5022,
         5038,  5039,  5057,  5073,  5076,  5088,  5089,  5114,  5119,  5138,
         5148,  5182,  5185,  5192,  5206,  5214,  5215,  5222,  5244,  5258,
         5271,  5272,  5280,  5295,  5305,  5321,  5323,  5352,  5358,  5366,
         5374,  5385,  5390
Total non-polymorphic = 541


Population     3 [JUK07_01]  (Number of Individuals = 33)
****************
--------------------------------------------------------------------------
Lowest Allele Frequency Used     0.050       0.020       0.010         0+
--------------------------------------------------------------------------

LINKAGE DISEQUILIBRIUM METHOD

Harmonic Mean Sample Size =       30.7        30.7        30.7        30.7
Independent Comparisons =    5592109     9252167    11757852    11757852
OverAll r^2 =                  0.03608     0.03609     0.03622     0.03622
Expected r^2 Sample =          0.03579     0.03571     0.03575     0.03575
Estimated Ne^ =                 1146.2       883.4       707.3       707.3

95% CIs for Ne^
* Parametric                    1000.1       812.3       665.6       665.6
                                1341.9       968.2       754.4       754.4

* CIs by Jackknife are skipped when number of polymorphic loci > 100

**************************************************************************

Ending time: Tue Nov 21 18:03:46 2017
-------------------------------------

