Output from NeEstimator v.2
Starting time: Tue Nov 21 13:58:12 2017
Input File: "D:\Pacific cod\DataAnalysis\PCod-Korea-repo\stacks_b8_wgenome\batch_8_fiHderetlif_icooci_filteredHWE_filteredRepsC_NeInput2LD"

Number of Loci = 5405

Non-polymorphic loci:     7,    19,    25,    27,    28,    32,    38,    40,
           47,    48,    65,    67,    71,    76,    82,    83,    91,    93,
           95,    97,   102,   108,   109,   115,   129,   131,   133,   139,
          144,   150,   166,   172,   174,   177,   178,   186,   188,   196,
          205,   207,   212,   213,   216,   234,   236,   239,   253,   254,
          259,   260,   268,   288,   292,   293,   297,   306,   316,   320,
          322,   324,   332,   352,   361,   367,   378,   380,   385,   387,
          394,   396,   402,   404,   405,   418,   445,   451,   452,   454,
          459,   466,   490,   494,   503,   504,   510,   512,   517,   520,
          521,   523,   524,   527,   535,   537,   541,   545,   551,   552,
          555,   557,   559,   577,   578,   588,   593,   596,   597,   600,
          601,   618,   622,   629,   643,   647,   662,   670,   675,   677,
          678,   698,   700,   713,   714,   717,   746,   760,   765,   773,
          777,   778,   785,   786,   790,   791,   796,   799,   802,   814,
          818,   822,   829,   836,   848,   861,   863,   873,   894,   895,
          898,   899,   900,   908,   913,   914,   919,   932,   935,   939,
          942,   946,   949,   958,   965,   967,   968,   974,   976,   994,
          995,  1005,  1011,  1013,  1014,  1018,  1020,  1024,  1034,  1036,
         1037,  1044,  1055,  1056,  1062,  1065,  1067,  1072,  1080,  1083,
         1093,  1099,  1114,  1116,  1124,  1129,  1130,  1134,  1136,  1144,
         1146,  1159,  1160,  1161,  1164,  1168,  1173,  1174,  1197,  1201,
         1203,  1208,  1210,  1217,  1218,  1223,  1230,  1232,  1238,  1239,
         1240,  1243,  1245,  1247,  1248,  1252,  1255,  1258,  1259,  1263,
         1265,  1270,  1274,  1277,  1283,  1289,  1299,  1301,  1304,  1310,
         1316,  1319,  1320,  1322,  1323,  1331,  1336,  1343,  1346,  1350,
         1352,  1354,  1357,  1359,  1360,  1362,  1366,  1371,  1372,  1374,
         1376,  1391,  1393,  1395,  1396,  1398,  1400,  1401,  1404,  1405,
         1412,  1418,  1429,  1443,  1460,  1465,  1467,  1471,  1475,  1478,
         1482,  1493,  1498,  1501,  1502,  1503,  1505,  1507,  1508,  1509,
         1510,  1511,  1516,  1519,  1524,  1532,  1539,  1543,  1550,  1552,
         1557,  1559,  1562,  1567,  1569,  1570,  1573,  1577,  1578,  1580,
         1586,  1593,  1599,  1603,  1604,  1607,  1609,  1611,  1612,  1614,
         1617,  1622,  1629,  1631,  1638,  1645,  1648,  1655,  1662,  1664,
         1667,  1677,  1687,  1688,  1691,  1696,  1698,  1699,  1702,  1705,
         1709,  1711,  1712,  1719,  1721,  1723,  1725,  1729,  1738,  1743,
         1746,  1749,  1763,  1771,  1784,  1798,  1803,  1805,  1808,  1812,
         1816,  1817,  1828,  1832,  1841,  1843,  1850,  1865,  1881,  1883,
         1887,  1888,  1890,  1894,  1905,  1912,  1920,  1927,  1935,  1939,
         1945,  1946,  1949,  1956,  1957,  1959,  1964,  1967,  1978,  1986,
         1989,  1992,  1994,  1995,  1998,  2007,  2008,  2009,  2016,  2022,
         2024,  2026,  2029,  2031,  2038,  2042,  2045,  2051,  2072,  2076,
         2078,  2083,  2087,  2090,  2093,  2099,  2111,  2114,  2115,  2119,
         2126,  2131,  2145,  2146,  2148,  2149,  2154,  2160,  2164,  2168,
         2189,  2196,  2200,  2215,  2218,  2231,  2236,  2240,  2247,  2254,
         2255,  2258,  2259,  2270,  2271,  2272,  2277,  2279,  2287,  2290,
         2294,  2301,  2302,  2311,  2313,  2314,  2322,  2324,  2330,  2332,
         2333,  2344,  2350,  2355,  2360,  2368,  2369,  2370,  2372,  2385,
         2387,  2388,  2392,  2393,  2407,  2416,  2419,  2427,  2432,  2435,
         2438,  2439,  2440,  2447,  2451,  2453,  2454,  2460,  2466,  2467,
         2470,  2472,  2475,  2478,  2482,  2489,  2490,  2491,  2497,  2500,
         2503,  2508,  2509,  2513,  2520,  2521,  2531,  2541,  2542,  2543,
         2553,  2554,  2558,  2574,  2576,  2587,  2591,  2592,  2594,  2595,
         2596,  2604,  2611,  2613,  2635,  2643,  2647,  2650,  2653,  2654,
         2658,  2667,  2671,  2675,  2677,  2682,  2685,  2696,  2718,  2725,
         2726,  2727,  2731,  2734,  2749,  2754,  2761,  2763,  2766,  2783,
         2785,  2792,  2795,  2797,  2807,  2808,  2814,  2833,  2839,  2844,
         2849,  2856,  2863,  2867,  2876,  2882,  2883,  2886,  2887,  2889,
         2893,  2911,  2912,  2915,  2918,  2923,  2927,  2929,  2931,  2932,
         2946,  2953,  2956,  2966,  2969,  2975,  2978,  2982,  2984,  2985,
         2993,  2995,  3007,  3012,  3014,  3018,  3024,  3027,  3029,  3030,
         3033,  3034,  3040,  3042,  3048,  3050,  3051,  3054,  3059,  3061,
         3063,  3066,  3070,  3071,  3079,  3091,  3093,  3095,  3097,  3101,
         3103,  3104,  3117,  3127,  3137,  3151,  3152,  3156,  3158,  3161,
         3162,  3167,  3168,  3174,  3179,  3192,  3194,  3207,  3214,  3226,
         3228,  3229,  3234,  3235,  3237,  3240,  3246,  3249,  3250,  3254,
         3267,  3281,  3283,  3297,  3307,  3315,  3333,  3336,  3337,  3339,
         3340,  3341,  3344,  3353,  3354,  3356,  3360,  3364,  3382,  3401,
         3405,  3417,  3420,  3422,  3427,  3429,  3436,  3441,  3447,  3448,
         3450,  3451,  3467,  3486,  3487,  3488,  3495,  3506,  3510,  3519,
         3520,  3524,  3527,  3531,  3533,  3541,  3550,  3553,  3554,  3558,
         3565,  3568,  3570,  3573,  3583,  3587,  3591,  3595,  3599,  3607,
         3616,  3617,  3622,  3627,  3628,  3635,  3643,  3645,  3646,  3647,
         3649,  3661,  3671,  3675,  3676,  3680,  3681,  3685,  3690,  3691,
         3693,  3698,  3702,  3705,  3706,  3715,  3718,  3719,  3720,  3727,
         3729,  3733,  3734,  3738,  3743,  3754,  3755,  3756,  3761,  3762,
         3763,  3768,  3771,  3778,  3779,  3783,  3786,  3787,  3796,  3797,
         3799,  3811,  3822,  3825,  3829,  3831,  3832,  3834,  3835,  3846,
         3847,  3856,  3860,  3865,  3868,  3869,  3873,  3877,  3895,  3915,
         3919,  3922,  3924,  3928,  3932,  3933,  3943,  3947,  3950,  3953,
         3957,  3959,  3962,  3966,  3970,  3975,  3979,  3981,  3983,  3990,
         3991,  4002,  4003,  4007,  4010,  4013,  4014,  4017,  4033,  4039,
         4042,  4044,  4048,  4056,  4058,  4060,  4064,  4069,  4071,  4075,
         4076,  4079,  4103,  4111,  4121,  4123,  4124,  4131,  4132,  4139,
         4147,  4151,  4159,  4160,  4166,  4169,  4171,  4173,  4175,  4177,
         4178,  4195,  4198,  4207,  4216,  4223,  4226,  4230,  4232,  4233,
         4242,  4247,  4252,  4260,  4272,  4274,  4281,  4290,  4294,  4296,
         4301,  4313,  4317,  4321,  4343,  4345,  4348,  4349,  4350,  4355,
         4358,  4368,  4376,  4379,  4385,  4387,  4390,  4394,  4395,  4401,
         4407,  4412,  4419,  4420,  4422,  4431,  4436,  4437,  4441,  4449,
         4451,  4457,  4462,  4469,  4471,  4472,  4481,  4482,  4483,  4486,
         4496,  4501,  4503,  4504,  4506,  4507,  4520,  4521,  4523,  4527,
         4532,  4535,  4536,  4547,  4552,  4556,  4561,  4564,  4568,  4573,
         4578,  4581,  4592,  4594,  4595,  4599,  4603,  4608,  4610,  4620,
         4623,  4624,  4626,  4627,  4635,  4638,  4645,  4646,  4653,  4656,
         4658,  4663,  4664,  4679,  4685,  4691,  4703,  4719,  4729,  4731,
         4737,  4744,  4750,  4751,  4756,  4757,  4780,  4782,  4783,  4785,
         4786,  4799,  4806,  4821,  4822,  4834,  4835,  4836,  4839,  4848,
         4852,  4865,  4866,  4869,  4875,  4877,  4890,  4896,  4901,  4906,
         4928,  4929,  4937,  4944,  4948,  4950,  4957,  4961,  4965,  4972,
         4973,  4978,  4999,  5001,  5002,  5004,  5006,  5007,  5008,  5011,
         5013,  5020,  5038,  5042,  5043,  5047,  5049,  5056,  5057,  5067,
         5073,  5076,  5079,  5084,  5091,  5094,  5096,  5098,  5116,  5120,
         5122,  5127,  5130,  5135,  5137,  5139,  5153,  5159,  5162,  5163,
         5176,  5189,  5192,  5197,  5199,  5201,  5206,  5207,  5220,  5244,
         5265,  5271,  5282,  5283,  5290,  5301,  5308,  5311,  5314,  5316,
         5321,  5323,  5327,  5329,  5341,  5347,  5362,  5363,  5386,  5390,
         5396,  5397,  5398,  5403
Total non-polymorphic = 1062

LD mating model: Random

Population     1 [PO010715_02]  (Number of Individuals = 31)
****************
--------------------------------------------------------------------------
Lowest Allele Frequency Used     0.050       0.020       0.010         0+
--------------------------------------------------------------------------

LINKAGE DISEQUILIBRIUM METHOD

Harmonic Mean Sample Size =       30.7        30.7        30.7        30.7
Independent Comparisons =    4504417     7127511     9416074     9416074
OverAll r^2 =                  0.03626     0.03626     0.03674     0.03674
Expected r^2 Sample =          0.03596     0.03591     0.03591     0.03591
Estimated Ne^ =                 1107.6       953.5       399.5       399.5

95% CIs for Ne^
* Parametric                     956.4       860.3       384.1       384.1
                                1315.0      1068.9       416.2       416.2

* CIs by Jackknife are skipped when number of polymorphic loci > 100

**************************************************************************

Time: Tue Nov 21 14:00:37 2017

Non-polymorphic loci:     7,    27,    30,    32,    34,    38,    39,    40,
           42,    47,    48,    49,    59,    65,    67,    76,    83,    84,
           93,    97,   108,   109,   115,   131,   133,   143,   144,   166,
          172,   177,   178,   185,   186,   188,   195,   196,   212,   216,
          223,   233,   234,   239,   243,   254,   259,   260,   264,   268,
          288,   292,   293,   297,   304,   316,   319,   321,   322,   324,
          327,   332,   337,   352,   355,   359,   379,   380,   382,   385,
          387,   394,   400,   404,   418,   422,   445,   449,   457,   459,
          478,   490,   501,   503,   510,   512,   515,   517,   520,   534,
          535,   537,   541,   545,   551,   552,   555,   559,   577,   590,
          593,   596,   600,   601,   610,   622,   629,   643,   644,   647,
          652,   662,   675,   677,   684,   698,   699,   707,   713,   714,
          717,   723,   724,   741,   746,   773,   775,   777,   778,   785,
          791,   796,   799,   802,   809,   814,   818,   829,   863,   871,
          873,   880,   888,   895,   898,   899,   900,   913,   914,   932,
          935,   936,   939,   944,   946,   949,   958,   965,   967,   968,
          974,   993,   994,   995,   997,  1000,  1009,  1011,  1013,  1018,
         1020,  1024,  1034,  1036,  1037,  1056,  1058,  1072,  1075,  1076,
         1080,  1083,  1093,  1096,  1099,  1114,  1122,  1146,  1148,  1157,
         1158,  1159,  1161,  1164,  1165,  1173,  1174,  1178,  1195,  1201,
         1217,  1218,  1222,  1223,  1230,  1239,  1240,  1243,  1245,  1247,
         1255,  1267,  1270,  1277,  1285,  1289,  1299,  1310,  1316,  1319,
         1320,  1322,  1323,  1324,  1333,  1346,  1350,  1357,  1359,  1360,
         1366,  1374,  1376,  1391,  1393,  1396,  1400,  1401,  1404,  1405,
         1409,  1418,  1427,  1429,  1443,  1448,  1451,  1465,  1467,  1470,
         1471,  1478,  1497,  1498,  1500,  1501,  1502,  1503,  1505,  1507,
         1508,  1509,  1511,  1526,  1532,  1536,  1539,  1550,  1551,  1567,
         1570,  1573,  1580,  1586,  1588,  1593,  1595,  1598,  1599,  1601,
         1607,  1609,  1611,  1614,  1617,  1622,  1627,  1631,  1638,  1640,
         1645,  1655,  1662,  1687,  1691,  1696,  1698,  1702,  1705,  1719,
         1723,  1729,  1738,  1749,  1763,  1794,  1798,  1803,  1804,  1805,
         1808,  1811,  1812,  1816,  1827,  1832,  1836,  1841,  1843,  1849,
         1850,  1855,  1865,  1867,  1878,  1881,  1882,  1883,  1886,  1888,
         1890,  1891,  1909,  1920,  1925,  1927,  1939,  1941,  1945,  1947,
         1949,  1956,  1959,  1964,  1972,  1973,  1977,  1986,  1995,  1998,
         2006,  2008,  2009,  2016,  2022,  2024,  2026,  2031,  2038,  2045,
         2072,  2087,  2099,  2105,  2111,  2114,  2119,  2123,  2131,  2132,
         2144,  2145,  2146,  2154,  2160,  2164,  2167,  2171,  2177,  2178,
         2189,  2196,  2200,  2203,  2213,  2218,  2231,  2236,  2247,  2255,
         2256,  2258,  2272,  2279,  2287,  2290,  2294,  2301,  2304,  2306,
         2307,  2324,  2330,  2332,  2333,  2334,  2337,  2338,  2341,  2344,
         2349,  2350,  2360,  2369,  2370,  2371,  2377,  2381,  2384,  2387,
         2392,  2393,  2403,  2407,  2416,  2423,  2427,  2432,  2438,  2446,
         2447,  2449,  2451,  2460,  2466,  2467,  2469,  2470,  2472,  2475,
         2489,  2490,  2500,  2503,  2508,  2520,  2521,  2526,  2532,  2541,
         2543,  2553,  2557,  2558,  2574,  2579,  2591,  2592,  2594,  2596,
         2611,  2613,  2622,  2633,  2647,  2654,  2656,  2658,  2662,  2675,
         2677,  2685,  2692,  2696,  2723,  2726,  2727,  2731,  2734,  2742,
         2743,  2744,  2746,  2749,  2753,  2754,  2760,  2761,  2763,  2782,
         2783,  2785,  2792,  2794,  2795,  2797,  2808,  2814,  2815,  2826,
         2829,  2839,  2844,  2849,  2856,  2876,  2877,  2880,  2883,  2887,
         2889,  2895,  2904,  2911,  2912,  2915,  2923,  2924,  2931,  2932,
         2946,  2953,  2956,  2963,  2966,  2969,  2982,  2985,  2993,  2995,
         3007,  3018,  3022,  3027,  3029,  3030,  3040,  3041,  3042,  3050,
         3051,  3054,  3059,  3063,  3079,  3091,  3093,  3095,  3097,  3101,
         3113,  3117,  3127,  3137,  3151,  3152,  3154,  3161,  3162,  3169,
         3170,  3179,  3183,  3187,  3189,  3192,  3194,  3197,  3207,  3214,
         3217,  3220,  3226,  3230,  3234,  3235,  3237,  3240,  3244,  3246,
         3249,  3254,  3256,  3267,  3281,  3282,  3283,  3293,  3297,  3325,
         3339,  3340,  3341,  3344,  3353,  3354,  3356,  3364,  3375,  3382,
         3401,  3405,  3417,  3422,  3427,  3429,  3434,  3436,  3441,  3447,
         3448,  3450,  3457,  3472,  3486,  3487,  3488,  3497,  3506,  3509,
         3510,  3517,  3520,  3527,  3531,  3533,  3537,  3541,  3546,  3550,
         3552,  3565,  3566,  3570,  3587,  3592,  3595,  3633,  3645,  3646,
         3647,  3649,  3654,  3675,  3680,  3681,  3690,  3691,  3698,  3702,
         3705,  3708,  3711,  3715,  3719,  3727,  3740,  3753,  3755,  3758,
         3762,  3769,  3778,  3779,  3781,  3784,  3786,  3796,  3799,  3811,
         3825,  3829,  3831,  3832,  3834,  3835,  3845,  3846,  3847,  3854,
         3856,  3860,  3865,  3867,  3875,  3884,  3889,  3915,  3922,  3928,
         3932,  3942,  3943,  3947,  3953,  3957,  3962,  3963,  3966,  3970,
         3971,  3975,  3984,  3990,  4002,  4008,  4010,  4013,  4033,  4034,
         4039,  4042,  4044,  4048,  4056,  4059,  4060,  4064,  4065,  4067,
         4069,  4071,  4075,  4079,  4086,  4087,  4103,  4108,  4124,  4131,
         4132,  4147,  4151,  4159,  4165,  4166,  4175,  4177,  4195,  4198,
         4207,  4210,  4221,  4226,  4233,  4242,  4247,  4252,  4257,  4260,
         4272,  4274,  4285,  4296,  4301,  4309,  4311,  4313,  4343,  4345,
         4349,  4358,  4368,  4379,  4387,  4394,  4399,  4407,  4410,  4412,
         4419,  4420,  4422,  4431,  4437,  4443,  4445,  4451,  4462,  4472,
         4473,  4480,  4481,  4482,  4483,  4487,  4496,  4498,  4501,  4504,
         4521,  4523,  4525,  4535,  4536,  4547,  4552,  4557,  4558,  4561,
         4568,  4573,  4574,  4578,  4581,  4592,  4595,  4599,  4608,  4620,
         4624,  4627,  4635,  4638,  4639,  4653,  4654,  4656,  4664,  4667,
         4671,  4679,  4685,  4691,  4703,  4707,  4718,  4729,  4731,  4737,
         4743,  4744,  4751,  4757,  4762,  4773,  4783,  4791,  4822,  4834,
         4839,  4842,  4845,  4852,  4865,  4866,  4867,  4875,  4890,  4904,
         4906,  4917,  4928,  4937,  4944,  4947,  4948,  4950,  4952,  4953,
         4957,  4961,  4973,  4981,  4983,  4996,  4999,  5001,  5004,  5007,
         5011,  5020,  5031,  5037,  5042,  5046,  5047,  5056,  5057,  5067,
         5079,  5080,  5084,  5088,  5091,  5094,  5096,  5098,  5100,  5103,
         5114,  5120,  5122,  5127,  5130,  5135,  5138,  5139,  5159,  5170,
         5176,  5182,  5199,  5201,  5207,  5210,  5211,  5214,  5219,  5220,
         5237,  5252,  5263,  5265,  5270,  5271,  5282,  5301,  5302,  5305,
         5308,  5316,  5323,  5327,  5329,  5363,  5370,  5371,  5373,  5380,
         5386,  5390,  5397,  5398
Total non-polymorphic = 932


Population     2 [GE011215_01.1]  (Number of Individuals = 32)
****************
--------------------------------------------------------------------------
Lowest Allele Frequency Used     0.050       0.020       0.010         0+
--------------------------------------------------------------------------

LINKAGE DISEQUILIBRIUM METHOD

Harmonic Mean Sample Size =       31.7        31.7        31.7        31.7
Independent Comparisons =    4992365     7758496     9987609     9987609
OverAll r^2 =                  0.03710     0.03801     0.03761     0.03761
Expected r^2 Sample =          0.03473     0.03472     0.03473     0.03473
Estimated Ne^ =                  139.0        99.1       113.6       113.6

95% CIs for Ne^
* Parametric                     136.3        98.0       112.3       112.3
                                 141.8       100.3       114.9       114.9

* CIs by Jackknife are skipped when number of polymorphic loci > 100

**************************************************************************

Time: Tue Nov 21 14:03:28 2017

Non-polymorphic loci:     7,    13,    15,    16,    18,    23,    27,    28,
           32,    35,    38,    40,    41,    47,    48,    49,    59,    61,
           65,    70,    71,    79,    82,    83,    84,    91,    93,    95,
           97,   106,   109,   115,   123,   129,   131,   132,   133,   134,
          137,   140,   143,   144,   150,   159,   160,   165,   166,   172,
          174,   177,   179,   186,   188,   195,   196,   201,   205,   207,
          212,   213,   216,   223,   233,   234,   236,   239,   243,   246,
          247,   249,   252,   259,   260,   263,   265,   268,   281,   284,
          288,   292,   297,   304,   306,   311,   316,   320,   321,   322,
          324,   327,   332,   337,   339,   347,   348,   352,   355,   361,
          364,   367,   369,   378,   380,   382,   385,   387,   394,   396,
          400,   404,   405,   406,   408,   414,   424,   432,   434,   436,
          441,   443,   445,   447,   449,   451,   455,   457,   459,   467,
          468,   478,   490,   493,   494,   499,   503,   504,   510,   511,
          512,   515,   517,   520,   523,   524,   528,   534,   535,   537,
          538,   543,   548,   552,   558,   559,   561,   576,   577,   582,
          586,   588,   593,   595,   596,   597,   600,   610,   611,   612,
          618,   620,   622,   629,   643,   644,   647,   652,   659,   660,
          662,   675,   677,   680,   681,   682,   684,   693,   695,   699,
          700,   713,   714,   715,   717,   724,   733,   734,   740,   746,
          749,   753,   756,   757,   758,   765,   768,   773,   776,   777,
          779,   783,   785,   786,   794,   796,   799,   801,   814,   818,
          822,   829,   836,   847,   848,   851,   860,   863,   868,   870,
          873,   888,   895,   898,   899,   900,   902,   905,   908,   912,
          913,   914,   922,   925,   930,   931,   932,   934,   935,   936,
          939,   943,   944,   947,   949,   952,   953,   956,   958,   965,
          970,   974,   982,   985,   989,   992,   993,   994,   997,   999,
         1000,  1001,  1011,  1013,  1014,  1018,  1020,  1024,  1034,  1035,
         1036,  1037,  1040,  1051,  1053,  1055,  1056,  1058,  1062,  1065,
         1067,  1068,  1071,  1072,  1073,  1075,  1080,  1085,  1093,  1095,
         1099,  1106,  1109,  1114,  1116,  1117,  1122,  1124,  1130,  1131,
         1133,  1135,  1143,  1146,  1148,  1157,  1159,  1160,  1165,  1172,
         1173,  1174,  1178,  1179,  1181,  1192,  1194,  1195,  1197,  1199,
         1201,  1203,  1208,  1209,  1217,  1223,  1232,  1245,  1247,  1248,
         1250,  1255,  1258,  1259,  1272,  1275,  1277,  1280,  1283,  1284,
         1289,  1290,  1291,  1296,  1304,  1308,  1310,  1312,  1316,  1319,
         1320,  1322,  1328,  1331,  1333,  1346,  1354,  1357,  1359,  1360,
         1362,  1366,  1368,  1369,  1372,  1376,  1385,  1387,  1388,  1391,
         1393,  1396,  1400,  1401,  1404,  1405,  1412,  1414,  1415,  1426,
         1427,  1429,  1435,  1443,  1447,  1451,  1461,  1463,  1465,  1471,
         1475,  1478,  1482,  1484,  1488,  1493,  1498,  1500,  1501,  1502,
         1503,  1507,  1508,  1509,  1510,  1524,  1526,  1527,  1529,  1532,
         1534,  1538,  1539,  1547,  1551,  1552,  1557,  1559,  1560,  1562,
         1564,  1567,  1568,  1569,  1570,  1578,  1580,  1586,  1588,  1591,
         1593,  1596,  1598,  1599,  1601,  1607,  1611,  1612,  1614,  1616,
         1617,  1619,  1622,  1625,  1629,  1638,  1640,  1642,  1643,  1645,
         1647,  1648,  1655,  1657,  1659,  1661,  1662,  1664,  1687,  1688,
         1691,  1692,  1696,  1698,  1702,  1705,  1709,  1712,  1717,  1721,
         1723,  1729,  1732,  1738,  1739,  1743,  1744,  1746,  1751,  1757,
         1758,  1762,  1763,  1768,  1771,  1788,  1798,  1800,  1804,  1805,
         1808,  1812,  1815,  1816,  1817,  1827,  1828,  1831,  1836,  1839,
         1843,  1850,  1855,  1859,  1863,  1865,  1867,  1880,  1881,  1883,
         1888,  1890,  1891,  1894,  1905,  1907,  1909,  1912,  1919,  1920,
         1925,  1930,  1935,  1938,  1939,  1940,  1943,  1944,  1945,  1947,
         1949,  1956,  1957,  1964,  1965,  1971,  1973,  1977,  1986,  1989,
         1992,  1995,  1997,  1998,  2007,  2008,  2016,  2018,  2019,  2022,
         2024,  2026,  2028,  2031,  2039,  2042,  2048,  2050,  2058,  2068,
         2072,  2087,  2088,  2090,  2093,  2099,  2100,  2104,  2105,  2108,
         2111,  2119,  2123,  2126,  2129,  2131,  2140,  2144,  2148,  2149,
         2153,  2154,  2158,  2160,  2164,  2167,  2168,  2171,  2178,  2182,
         2186,  2189,  2192,  2196,  2200,  2201,  2204,  2207,  2213,  2218,
         2220,  2222,  2231,  2236,  2237,  2239,  2240,  2245,  2255,  2256,
         2270,  2274,  2277,  2278,  2279,  2283,  2284,  2287,  2290,  2292,
         2293,  2294,  2295,  2301,  2302,  2313,  2316,  2322,  2324,  2328,
         2330,  2332,  2333,  2334,  2335,  2337,  2340,  2341,  2344,  2349,
         2350,  2355,  2356,  2360,  2365,  2368,  2370,  2373,  2381,  2385,
         2386,  2387,  2388,  2392,  2393,  2403,  2416,  2417,  2421,  2423,
         2427,  2444,  2446,  2447,  2449,  2451,  2453,  2454,  2463,  2466,
         2467,  2469,  2470,  2472,  2473,  2480,  2482,  2484,  2489,  2490,
         2491,  2493,  2497,  2501,  2503,  2508,  2513,  2514,  2521,  2523,
         2526,  2531,  2532,  2533,  2543,  2546,  2547,  2554,  2558,  2574,
         2576,  2584,  2585,  2591,  2592,  2594,  2595,  2596,  2604,  2606,
         2611,  2613,  2622,  2623,  2633,  2639,  2646,  2647,  2651,  2653,
         2654,  2656,  2658,  2662,  2665,  2667,  2669,  2671,  2672,  2675,
         2677,  2678,  2679,  2680,  2682,  2692,  2696,  2700,  2704,  2716,
         2723,  2725,  2727,  2731,  2734,  2742,  2744,  2749,  2753,  2754,
         2756,  2763,  2779,  2782,  2783,  2785,  2794,  2796,  2797,  2800,
         2807,  2808,  2814,  2815,  2820,  2822,  2833,  2839,  2842,  2844,
         2849,  2856,  2859,  2860,  2865,  2867,  2874,  2876,  2877,  2879,
         2889,  2891,  2893,  2895,  2897,  2898,  2900,  2904,  2915,  2916,
         2917,  2918,  2927,  2929,  2931,  2932,  2943,  2946,  2953,  2956,
         2963,  2966,  2969,  2972,  2975,  2978,  2982,  2985,  2989,  2993,
         2997,  3001,  3007,  3008,  3012,  3014,  3018,  3028,  3029,  3030,
         3037,  3040,  3041,  3048,  3049,  3054,  3068,  3069,  3072,  3078,
         3079,  3084,  3085,  3095,  3101,  3104,  3115,  3116,  3117,  3127,
         3131,  3142,  3147,  3149,  3151,  3154,  3156,  3162,  3163,  3168,
         3175,  3179,  3183,  3187,  3189,  3192,  3194,  3195,  3198,  3205,
         3207,  3208,  3214,  3223,  3226,  3228,  3234,  3237,  3240,  3243,
         3244,  3246,  3249,  3254,  3256,  3257,  3271,  3272,  3274,  3281,
         3282,  3283,  3290,  3299,  3305,  3307,  3314,  3315,  3316,  3320,
         3321,  3325,  3335,  3336,  3339,  3340,  3341,  3342,  3346,  3350,
         3353,  3354,  3360,  3364,  3370,  3374,  3375,  3389,  3392,  3396,
         3402,  3405,  3411,  3417,  3422,  3427,  3435,  3436,  3440,  3441,
         3444,  3446,  3447,  3448,  3450,  3451,  3465,  3474,  3475,  3479,
         3482,  3497,  3502,  3506,  3507,  3510,  3511,  3517,  3519,  3520,
         3521,  3524,  3531,  3541,  3545,  3546,  3548,  3550,  3552,  3561,
         3566,  3568,  3573,  3574,  3575,  3578,  3582,  3587,  3588,  3591,
         3595,  3599,  3607,  3622,  3623,  3626,  3627,  3628,  3630,  3635,
         3643,  3644,  3645,  3646,  3647,  3660,  3661,  3670,  3675,  3676,
         3680,  3681,  3685,  3690,  3691,  3693,  3694,  3695,  3697,  3702,
         3704,  3705,  3706,  3708,  3711,  3717,  3724,  3725,  3727,  3729,
         3733,  3734,  3738,  3739,  3740,  3748,  3753,  3754,  3755,  3756,
         3760,  3761,  3762,  3769,  3771,  3772,  3779,  3780,  3783,  3784,
         3787,  3796,  3799,  3812,  3819,  3821,  3823,  3825,  3831,  3832,
         3834,  3835,  3841,  3843,  3845,  3846,  3847,  3854,  3856,  3860,
         3865,  3866,  3867,  3868,  3869,  3873,  3875,  3876,  3889,  3895,
         3897,  3912,  3915,  3922,  3923,  3924,  3928,  3932,  3938,  3942,
         3944,  3947,  3950,  3953,  3959,  3962,  3965,  3966,  3970,  3975,
         3979,  3981,  3984,  3989,  3990,  3991,  3993,  4001,  4002,  4004,
         4006,  4007,  4009,  4016,  4017,  4030,  4033,  4034,  4039,  4042,
         4048,  4052,  4058,  4059,  4065,  4067,  4069,  4071,  4072,  4075,
         4079,  4085,  4086,  4087,  4100,  4103,  4108,  4111,  4124,  4131,
         4132,  4139,  4147,  4159,  4160,  4161,  4162,  4164,  4169,  4172,
         4175,  4177,  4195,  4198,  4202,  4207,  4208,  4214,  4216,  4226,
         4228,  4232,  4233,  4242,  4244,  4245,  4247,  4250,  4257,  4260,
         4261,  4270,  4274,  4278,  4281,  4285,  4295,  4301,  4309,  4310,
         4311,  4317,  4335,  4337,  4343,  4345,  4346,  4349,  4350,  4355,
         4357,  4358,  4368,  4369,  4374,  4384,  4385,  4387,  4389,  4390,
         4395,  4401,  4407,  4417,  4420,  4422,  4423,  4431,  4437,  4442,
         4443,  4445,  4449,  4451,  4457,  4462,  4469,  4471,  4473,  4475,
         4481,  4482,  4483,  4486,  4491,  4492,  4497,  4501,  4503,  4504,
         4506,  4521,  4523,  4524,  4525,  4527,  4534,  4535,  4544,  4547,
         4548,  4552,  4555,  4556,  4557,  4558,  4565,  4569,  4571,  4573,
         4574,  4575,  4578,  4581,  4582,  4585,  4592,  4595,  4599,  4600,
         4603,  4608,  4614,  4620,  4624,  4630,  4635,  4638,  4639,  4642,
         4644,  4645,  4652,  4655,  4656,  4658,  4664,  4667,  4669,  4671,
         4672,  4673,  4675,  4679,  4680,  4681,  4682,  4684,  4685,  4690,
         4691,  4694,  4698,  4707,  4716,  4719,  4728,  4729,  4731,  4737,
         4739,  4750,  4751,  4755,  4757,  4766,  4767,  4773,  4780,  4783,
         4791,  4793,  4799,  4805,  4806,  4810,  4811,  4813,  4820,  4821,
         4832,  4833,  4834,  4835,  4836,  4839,  4842,  4845,  4850,  4852,
         4856,  4865,  4869,  4875,  4885,  4890,  4896,  4900,  4901,  4902,
         4904,  4906,  4912,  4913,  4917,  4928,  4929,  4930,  4931,  4937,
         4944,  4946,  4947,  4948,  4952,  4960,  4961,  4964,  4965,  4972,
         4973,  4978,  4983,  4984,  4995,  4996,  4999,  5001,  5002,  5004,
         5007,  5010,  5011,  5017,  5020,  5027,  5038,  5042,  5047,  5050,
         5056,  5057,  5067,  5073,  5076,  5088,  5089,  5094,  5101,  5103,
         5113,  5114,  5122,  5123,  5127,  5128,  5135,  5137,  5138,  5142,
         5145,  5148,  5153,  5156,  5159,  5162,  5163,  5167,  5170,  5189,
         5194,  5196,  5199,  5201,  5205,  5207,  5210,  5211,  5219,  5220,
         5231,  5232,  5237,  5239,  5242,  5244,  5252,  5253,  5254,  5255,
         5263,  5264,  5265,  5277,  5279,  5282,  5290,  5302,  5304,  5308,
         5314,  5316,  5327,  5329,  5342,  5349,  5358,  5363,  5366,  5369,
         5370,  5373,  5374,  5380,  5385,  5397,  5398,  5400,  5403
Total non-polymorphic = 1437


Population     3 [NA021015_02.1]  (Number of Individuals = 13)
****************
--------------------------------------------------------------------------
Lowest Allele Frequency Used     0.050       0.020       0.010         0+
--------------------------------------------------------------------------

LINKAGE DISEQUILIBRIUM METHOD

Harmonic Mean Sample Size =       12.9        12.9        12.9        12.9
Independent Comparisons =    4616750     7855239     7855239     7855239
OverAll r^2 =                  0.09937     0.09911     0.09911     0.09911
Expected r^2 Sample =          0.09866     0.09874     0.09874     0.09874
Estimated Ne^ =                  433.5       819.2       819.2       819.2

95% CIs for Ne^
* Parametric                     366.7       649.0       649.0       649.0
                                 529.6      1109.1      1109.1      1109.1

* CIs by Jackknife are skipped when number of polymorphic loci > 100

**************************************************************************

Time: Tue Nov 21 14:04:36 2017

Non-polymorphic loci:     7,    13,    15,    17,    19,    23,    28,    32,
           36,    38,    39,    45,    47,    49,    61,    64,    65,    66,
           71,    78,    84,    93,    97,   125,   135,   137,   139,   146,
          150,   155,   161,   163,   165,   169,   179,   180,   195,   196,
          204,   205,   208,   212,   230,   236,   239,   240,   243,   244,
          250,   253,   254,   265,   268,   281,   283,   284,   286,   288,
          289,   293,   297,   309,   310,   321,   322,   332,   347,   353,
          359,   364,   369,   375,   380,   387,   391,   400,   402,   404,
          405,   406,   407,   414,   425,   427,   436,   441,   445,   449,
          452,   454,   457,   460,   479,   485,   486,   487,   491,   493,
          494,   496,   517,   525,   530,   535,   538,   541,   546,   548,
          552,   558,   584,   586,   593,   595,   610,   612,   614,   629,
          640,   647,   654,   658,   662,   664,   669,   670,   682,   693,
          709,   712,   717,   725,   729,   733,   740,   744,   757,   765,
          777,   778,   783,   784,   785,   789,   791,   795,   812,   814,
          818,   822,   829,   830,   849,   859,   860,   866,   868,   871,
          873,   874,   876,   886,   892,   898,   905,   912,   914,   919,
          921,   927,   930,   934,   937,   943,   946,   949,   956,   958,
          967,   970,   974,   975,   985,   989,   992,   993,   994,   996,
          999,  1001,  1005,  1014,  1020,  1034,  1035,  1036,  1043,  1053,
         1058,  1060,  1062,  1066,  1068,  1070,  1071,  1072,  1077,  1082,
         1093,  1094,  1117,  1123,  1132,  1135,  1139,  1143,  1146,  1148,
         1164,  1166,  1176,  1179,  1180,  1181,  1200,  1201,  1203,  1206,
         1208,  1225,  1232,  1236,  1245,  1247,  1248,  1249,  1255,  1259,
         1262,  1275,  1291,  1296,  1310,  1316,  1335,  1338,  1350,  1354,
         1357,  1359,  1376,  1377,  1395,  1396,  1400,  1401,  1404,  1405,
         1413,  1415,  1426,  1427,  1431,  1440,  1443,  1444,  1447,  1452,
         1454,  1464,  1465,  1467,  1468,  1472,  1475,  1482,  1483,  1486,
         1493,  1498,  1502,  1505,  1510,  1526,  1527,  1531,  1533,  1537,
         1565,  1578,  1586,  1588,  1591,  1595,  1598,  1599,  1601,  1604,
         1617,  1622,  1630,  1633,  1638,  1643,  1645,  1647,  1649,  1656,
         1664,  1669,  1677,  1685,  1688,  1691,  1698,  1702,  1712,  1720,
         1721,  1722,  1729,  1731,  1739,  1743,  1744,  1751,  1763,  1768,
         1780,  1782,  1801,  1803,  1809,  1816,  1817,  1832,  1841,  1844,
         1846,  1849,  1859,  1863,  1866,  1882,  1883,  1896,  1899,  1908,
         1909,  1912,  1921,  1925,  1935,  1940,  1945,  1947,  1953,  1959,
         1964,  1965,  1969,  1972,  1980,  1986,  1989,  1994,  1995,  1998,
         2012,  2016,  2018,  2020,  2022,  2023,  2027,  2031,  2038,  2043,
         2045,  2052,  2058,  2061,  2063,  2072,  2076,  2078,  2083,  2088,
         2090,  2096,  2097,  2102,  2106,  2121,  2130,  2131,  2132,  2154,
         2160,  2164,  2170,  2177,  2178,  2187,  2220,  2222,  2223,  2231,
         2233,  2236,  2238,  2240,  2243,  2244,  2254,  2255,  2272,  2291,
         2302,  2314,  2316,  2322,  2324,  2340,  2344,  2353,  2357,  2365,
         2369,  2371,  2381,  2385,  2387,  2388,  2393,  2395,  2397,  2413,
         2416,  2419,  2423,  2427,  2431,  2435,  2451,  2452,  2462,  2463,
         2466,  2467,  2470,  2472,  2484,  2490,  2491,  2503,  2508,  2514,
         2520,  2521,  2525,  2526,  2532,  2545,  2554,  2558,  2564,  2567,
         2570,  2574,  2576,  2580,  2591,  2592,  2602,  2604,  2612,  2613,
         2619,  2622,  2623,  2628,  2630,  2632,  2636,  2639,  2641,  2647,
         2650,  2652,  2656,  2667,  2672,  2677,  2679,  2681,  2685,  2690,
         2704,  2711,  2716,  2717,  2718,  2725,  2727,  2731,  2736,  2742,
         2749,  2757,  2758,  2761,  2767,  2783,  2796,  2800,  2804,  2817,
         2820,  2829,  2830,  2838,  2849,  2851,  2856,  2867,  2876,  2879,
         2889,  2895,  2897,  2901,  2916,  2918,  2923,  2935,  2937,  2944,
         2949,  2950,  2956,  2958,  2975,  2976,  2978,  2985,  2987,  2989,
         2994,  2996,  3007,  3012,  3018,  3022,  3027,  3030,  3031,  3042,
         3051,  3066,  3068,  3069,  3070,  3074,  3078,  3079,  3086,  3103,
         3104,  3127,  3137,  3138,  3167,  3168,  3169,  3174,  3175,  3180,
         3181,  3192,  3195,  3205,  3207,  3214,  3223,  3226,  3237,  3242,
         3244,  3246,  3250,  3253,  3255,  3264,  3278,  3285,  3292,  3297,
         3299,  3305,  3307,  3321,  3328,  3334,  3338,  3344,  3346,  3351,
         3355,  3356,  3357,  3370,  3382,  3393,  3394,  3396,  3398,  3405,
         3408,  3419,  3422,  3423,  3424,  3444,  3447,  3456,  3458,  3461,
         3462,  3472,  3474,  3475,  3484,  3506,  3511,  3520,  3525,  3527,
         3531,  3532,  3533,  3544,  3550,  3552,  3554,  3597,  3598,  3599,
         3600,  3602,  3607,  3610,  3611,  3614,  3619,  3622,  3626,  3635,
         3638,  3641,  3658,  3660,  3669,  3673,  3676,  3680,  3681,  3689,
         3690,  3695,  3698,  3701,  3705,  3717,  3719,  3724,  3729,  3731,
         3733,  3734,  3739,  3742,  3746,  3757,  3758,  3761,  3762,  3769,
         3770,  3772,  3784,  3787,  3799,  3807,  3836,  3841,  3842,  3845,
         3847,  3854,  3857,  3860,  3867,  3875,  3876,  3877,  3883,  3910,
         3912,  3915,  3932,  3933,  3934,  3947,  3949,  3950,  3952,  3959,
         3962,  3963,  3971,  3976,  3979,  3981,  3984,  3987,  3988,  3993,
         4003,  4004,  4006,  4007,  4009,  4024,  4042,  4051,  4056,  4058,
         4061,  4065,  4068,  4069,  4072,  4087,  4109,  4111,  4120,  4124,
         4143,  4156,  4162,  4167,  4168,  4177,  4179,  4180,  4182,  4187,
         4189,  4194,  4202,  4208,  4210,  4214,  4216,  4220,  4221,  4226,
         4234,  4239,  4241,  4245,  4251,  4257,  4260,  4261,  4264,  4274,
         4280,  4285,  4286,  4291,  4293,  4294,  4295,  4296,  4313,  4337,
         4340,  4345,  4348,  4349,  4350,  4358,  4366,  4368,  4369,  4371,
         4372,  4373,  4390,  4394,  4407,  4411,  4418,  4422,  4423,  4426,
         4427,  4436,  4437,  4449,  4451,  4462,  4468,  4473,  4477,  4482,
         4490,  4491,  4497,  4503,  4504,  4510,  4522,  4523,  4532,  4544,
         4548,  4561,  4563,  4571,  4575,  4582,  4590,  4592,  4594,  4606,
         4614,  4620,  4621,  4622,  4626,  4630,  4633,  4636,  4638,  4639,
         4645,  4648,  4654,  4664,  4673,  4677,  4685,  4687,  4690,  4691,
         4698,  4702,  4713,  4717,  4719,  4723,  4741,  4744,  4762,  4775,
         4782,  4783,  4786,  4810,  4815,  4820,  4821,  4822,  4824,  4830,
         4833,  4834,  4836,  4839,  4842,  4850,  4852,  4856,  4862,  4867,
         4875,  4896,  4902,  4912,  4928,  4929,  4936,  4937,  4942,  4944,
         4946,  4952,  4953,  4975,  4978,  4981,  4996,  4997,  4999,  5001,
         5002,  5004,  5006,  5008,  5010,  5013,  5014,  5018,  5031,  5043,
         5046,  5047,  5056,  5057,  5063,  5067,  5088,  5103,  5108,  5110,
         5111,  5116,  5122,  5124,  5127,  5133,  5135,  5154,  5156,  5159,
         5160,  5182,  5192,  5201,  5210,  5215,  5220,  5222,  5225,  5226,
         5231,  5239,  5241,  5258,  5263,  5265,  5268,  5272,  5277,  5279,
         5301,  5302,  5308,  5311,  5316,  5323,  5326,  5352,  5356,  5358,
         5360,  5364,  5379,  5386,  5395
Total non-polymorphic = 973


Population     4 [YS_121316_01]  (Number of Individuals = 25)
****************
--------------------------------------------------------------------------
Lowest Allele Frequency Used     0.050       0.020       0.010         0+
--------------------------------------------------------------------------

LINKAGE DISEQUILIBRIUM METHOD

Harmonic Mean Sample Size =       24.0        24.0        24.0        24.0
Independent Comparisons =    5196930     9765330     9765330     9765330
OverAll r^2 =                  0.04770     0.04747     0.04747     0.04747
Expected r^2 Sample =          0.04711     0.04715     0.04715     0.04715
Estimated Ne^ =                  525.4       967.6       967.6       967.6

95% CIs for Ne^
* Parametric                     477.8       854.1       854.1       854.1
                                 583.4      1115.6      1115.5      1115.5

* CIs by Jackknife are skipped when number of polymorphic loci > 100

**************************************************************************

Time: Tue Nov 21 14:06:51 2017

Non-polymorphic loci:    25,    27,    28,    30,    34,    49,    59,    65,
           76,    82,    83,    84,    91,   121,   130,   131,   134,   135,
          142,   146,   160,   161,   163,   180,   185,   223,   233,   243,
          248,   250,   253,   281,   283,   286,   316,   321,   352,   353,
          379,   386,   391,   402,   406,   414,   425,   427,   436,   443,
          490,   498,   503,   511,   515,   520,   523,   524,   525,   527,
          534,   535,   537,   545,   547,   550,   564,   577,   593,   595,
          608,   612,   640,   653,   654,   658,   669,   681,   683,   698,
          725,   733,   736,   743,   756,   768,   773,   775,   777,   784,
          790,   818,   850,   859,   863,   866,   874,   886,   892,   894,
          913,   927,   930,   942,   944,   952,   956,   957,   970,   976,
          984,   991,   992,   995,   997,   999,  1001,  1008,  1014,  1035,
         1040,  1043,  1055,  1058,  1062,  1083,  1094,  1114,  1117,  1119,
         1122,  1148,  1159,  1164,  1166,  1173,  1174,  1192,  1199,  1232,
         1236,  1249,  1259,  1277,  1283,  1291,  1296,  1328,  1329,  1350,
         1354,  1359,  1360,  1368,  1379,  1393,  1395,  1404,  1412,  1435,
         1448,  1449,  1461,  1464,  1466,  1470,  1480,  1500,  1515,  1536,
         1562,  1564,  1565,  1569,  1570,  1580,  1602,  1621,  1622,  1637,
         1648,  1657,  1688,  1696,  1720,  1726,  1731,  1738,  1739,  1744,
         1763,  1780,  1784,  1809,  1812,  1829,  1836,  1838,  1840,  1850,
         1856,  1865,  1867,  1888,  1900,  1920,  1921,  1956,  1972,  1995,
         2018,  2020,  2043,  2052,  2058,  2061,  2072,  2083,  2096,  2111,
         2114,  2146,  2153,  2187,  2192,  2203,  2256,  2258,  2288,  2332,
         2333,  2340,  2341,  2347,  2351,  2360,  2369,  2402,  2419,  2423,
         2425,  2435,  2444,  2463,  2473,  2478,  2484,  2487,  2491,  2493,
         2509,  2520,  2525,  2532,  2554,  2561,  2569,  2579,  2592,  2596,
         2604,  2622,  2623,  2632,  2636,  2638,  2669,  2672,  2675,  2679,
         2682,  2691,  2696,  2704,  2718,  2726,  2730,  2734,  2742,  2746,
         2761,  2763,  2807,  2817,  2859,  2863,  2879,  2887,  2890,  2896,
         2897,  2901,  2904,  2923,  2924,  2931,  2949,  2954,  2969,  2984,
         2994,  3012,  3023,  3027,  3043,  3050,  3059,  3074,  3078,  3079,
         3093,  3095,  3100,  3101,  3103,  3152,  3156,  3163,  3168,  3179,
         3192,  3240,  3250,  3253,  3257,  3261,  3266,  3285,  3293,  3305,
         3325,  3328,  3334,  3336,  3340,  3363,  3371,  3372,  3383,  3393,
         3396,  3418,  3419,  3421,  3436,  3444,  3448,  3458,  3461,  3463,
         3465,  3484,  3497,  3506,  3510,  3525,  3531,  3532,  3555,  3588,
         3591,  3595,  3601,  3638,  3641,  3649,  3661,  3673,  3691,  3694,
         3695,  3701,  3714,  3717,  3719,  3733,  3734,  3746,  3750,  3753,
         3772,  3773,  3811,  3815,  3820,  3825,  3839,  3843,  3887,  3897,
         3915,  3923,  3924,  3928,  3932,  3948,  3959,  3971,  3975,  3976,
         3982,  3987,  4003,  4009,  4016,  4025,  4033,  4039,  4048,  4061,
         4064,  4067,  4070,  4085,  4092,  4100,  4103,  4120,  4128,  4139,
         4140,  4159,  4161,  4166,  4167,  4169,  4171,  4172,  4178,  4183,
         4202,  4233,  4245,  4261,  4262,  4279,  4286,  4295,  4296,  4325,
         4336,  4343,  4346,  4366,  4384,  4385,  4388,  4394,  4411,  4439,
         4442,  4443,  4449,  4470,  4473,  4480,  4491,  4496,  4510,  4521,
         4523,  4525,  4547,  4550,  4555,  4561,  4569,  4571,  4577,  4582,
         4603,  4608,  4611,  4627,  4641,  4642,  4648,  4649,  4656,  4667,
         4668,  4699,  4741,  4750,  4755,  4762,  4788,  4821,  4822,  4848,
         4850,  4853,  4866,  4872,  4879,  4900,  4926,  4928,  4936,  4944,
         4947,  4961,  4965,  4975,  4976,  4981,  4984,  4995,  5007,  5022,
         5038,  5039,  5057,  5073,  5076,  5088,  5089,  5114,  5119,  5138,
         5148,  5182,  5185,  5192,  5206,  5214,  5215,  5222,  5244,  5258,
         5271,  5272,  5280,  5295,  5305,  5321,  5323,  5352,  5358,  5366,
         5374,  5385,  5390
Total non-polymorphic = 541


Population     5 [JUK07_01]  (Number of Individuals = 33)
****************
--------------------------------------------------------------------------
Lowest Allele Frequency Used     0.050       0.020       0.010         0+
--------------------------------------------------------------------------

LINKAGE DISEQUILIBRIUM METHOD

Harmonic Mean Sample Size =       30.7        30.7        30.7        30.7
Independent Comparisons =    5592109     9252167    11757852    11757852
OverAll r^2 =                  0.03608     0.03609     0.03622     0.03622
Expected r^2 Sample =          0.03579     0.03571     0.03575     0.03575
Estimated Ne^ =                 1146.2       883.4       707.3       707.3

95% CIs for Ne^
* Parametric                    1000.1       812.3       665.6       665.6
                                1341.9       968.2       754.4       754.4

* CIs by Jackknife are skipped when number of polymorphic loci > 100

**************************************************************************

Time: Tue Nov 21 14:10:10 2017

Non-polymorphic loci:     7,    27,    32,    34,    38,    39,    40,    42,
           45,    47,    48,    49,    59,    65,    76,    79,    82,    83,
           84,    91,    95,    97,   102,   108,   131,   133,   135,   143,
          160,   165,   166,   177,   178,   186,   188,   195,   196,   205,
          207,   212,   216,   233,   234,   243,   259,   260,   268,   284,
          286,   288,   289,   297,   311,   316,   320,   322,   324,   327,
          332,   334,   337,   338,   347,   352,   355,   361,   365,   380,
          382,   385,   387,   394,   396,   400,   414,   445,   449,   451,
          454,   455,   457,   459,   466,   478,   480,   490,   494,   503,
          505,   510,   511,   512,   515,   516,   520,   534,   535,   537,
          541,   551,   552,   555,   557,   559,   577,   582,   588,   593,
          596,   597,   601,   620,   622,   629,   630,   644,   645,   647,
          653,   662,   664,   677,   683,   684,   698,   699,   700,   707,
          714,   723,   724,   736,   746,   748,   758,   760,   768,   773,
          775,   777,   785,   786,   790,   796,   799,   802,   809,   811,
          814,   818,   822,   829,   851,   858,   859,   861,   863,   868,
          871,   873,   886,   888,   894,   895,   899,   900,   902,   905,
          907,   908,   913,   914,   927,   932,   935,   937,   939,   942,
          944,   946,   949,   958,   970,   974,   995,   997,  1009,  1011,
         1013,  1018,  1020,  1024,  1034,  1035,  1036,  1037,  1043,  1044,
         1055,  1056,  1062,  1066,  1067,  1068,  1071,  1072,  1080,  1083,
         1095,  1099,  1108,  1114,  1116,  1122,  1124,  1129,  1136,  1142,
         1144,  1157,  1158,  1159,  1160,  1164,  1165,  1173,  1174,  1179,
         1199,  1201,  1208,  1210,  1222,  1223,  1230,  1232,  1235,  1239,
         1248,  1250,  1255,  1258,  1263,  1265,  1267,  1270,  1272,  1274,
         1277,  1283,  1284,  1285,  1289,  1310,  1316,  1320,  1323,  1324,
         1331,  1336,  1350,  1354,  1357,  1359,  1360,  1371,  1372,  1374,
         1376,  1379,  1387,  1391,  1393,  1395,  1396,  1398,  1404,  1405,
         1418,  1427,  1429,  1435,  1451,  1462,  1464,  1465,  1470,  1471,
         1475,  1478,  1479,  1486,  1493,  1497,  1498,  1500,  1502,  1503,
         1505,  1507,  1508,  1511,  1525,  1532,  1534,  1537,  1539,  1550,
         1552,  1553,  1557,  1559,  1560,  1562,  1567,  1568,  1573,  1578,
         1580,  1586,  1588,  1593,  1598,  1607,  1609,  1611,  1612,  1614,
         1616,  1617,  1622,  1627,  1631,  1638,  1640,  1642,  1645,  1648,
         1655,  1657,  1664,  1667,  1687,  1691,  1692,  1696,  1698,  1699,
         1702,  1705,  1711,  1717,  1719,  1723,  1729,  1738,  1740,  1746,
         1749,  1758,  1759,  1763,  1771,  1778,  1788,  1794,  1798,  1803,
         1804,  1812,  1816,  1817,  1827,  1832,  1838,  1841,  1849,  1850,
         1859,  1867,  1878,  1882,  1883,  1888,  1894,  1921,  1935,  1939,
         1940,  1941,  1947,  1949,  1956,  1957,  1959,  1964,  1967,  1971,
         1977,  1986,  1989,  1995,  1998,  2006,  2008,  2009,  2016,  2019,
         2022,  2024,  2026,  2031,  2039,  2051,  2061,  2072,  2076,  2078,
         2087,  2090,  2104,  2105,  2108,  2111,  2115,  2119,  2123,  2131,
         2132,  2134,  2140,  2144,  2146,  2148,  2149,  2154,  2158,  2160,
         2163,  2167,  2168,  2178,  2182,  2186,  2189,  2196,  2200,  2203,
         2218,  2222,  2231,  2236,  2247,  2255,  2259,  2270,  2271,  2272,
         2277,  2278,  2279,  2282,  2287,  2292,  2294,  2301,  2304,  2307,
         2313,  2324,  2334,  2341,  2350,  2352,  2355,  2356,  2357,  2360,
         2368,  2369,  2381,  2386,  2387,  2388,  2392,  2393,  2403,  2407,
         2416,  2417,  2427,  2438,  2439,  2446,  2451,  2453,  2454,  2467,
         2470,  2475,  2478,  2482,  2489,  2490,  2500,  2503,  2508,  2509,
         2511,  2513,  2520,  2521,  2526,  2527,  2531,  2532,  2541,  2542,
         2544,  2546,  2553,  2557,  2558,  2561,  2574,  2576,  2579,  2584,
         2585,  2591,  2594,  2595,  2610,  2611,  2613,  2633,  2635,  2644,
         2650,  2651,  2653,  2654,  2658,  2662,  2667,  2669,  2671,  2672,
         2675,  2677,  2685,  2696,  2711,  2726,  2727,  2731,  2734,  2743,
         2744,  2746,  2749,  2753,  2754,  2761,  2766,  2782,  2783,  2785,
         2796,  2807,  2808,  2814,  2826,  2829,  2839,  2844,  2867,  2876,
         2877,  2886,  2887,  2889,  2893,  2895,  2897,  2912,  2915,  2916,
         2923,  2924,  2931,  2946,  2949,  2953,  2956,  2963,  2966,  2969,
         2975,  2978,  2982,  2985,  2993,  2995,  3001,  3007,  3008,  3012,
         3014,  3015,  3022,  3023,  3027,  3029,  3040,  3041,  3042,  3050,
         3054,  3059,  3063,  3069,  3070,  3072,  3079,  3080,  3084,  3085,
         3091,  3093,  3095,  3097,  3104,  3113,  3117,  3119,  3127,  3137,
         3142,  3152,  3154,  3156,  3158,  3161,  3162,  3167,  3169,  3174,
         3179,  3183,  3187,  3189,  3192,  3194,  3195,  3197,  3208,  3214,
         3220,  3223,  3226,  3227,  3230,  3237,  3243,  3244,  3246,  3249,
         3253,  3254,  3257,  3261,  3267,  3274,  3282,  3283,  3293,  3297,
         3302,  3307,  3325,  3339,  3340,  3341,  3342,  3353,  3354,  3356,
         3360,  3364,  3375,  3379,  3382,  3392,  3394,  3401,  3417,  3420,
         3427,  3429,  3436,  3448,  3456,  3457,  3478,  3479,  3486,  3487,
         3488,  3507,  3511,  3518,  3520,  3527,  3531,  3537,  3541,  3545,
         3546,  3550,  3552,  3554,  3558,  3561,  3562,  3565,  3566,  3568,
         3573,  3582,  3583,  3587,  3591,  3592,  3595,  3599,  3622,  3627,
         3633,  3644,  3645,  3646,  3647,  3649,  3654,  3660,  3661,  3671,
         3675,  3676,  3680,  3681,  3690,  3691,  3711,  3715,  3719,  3724,
         3727,  3733,  3736,  3740,  3753,  3754,  3755,  3761,  3762,  3763,
         3768,  3778,  3784,  3786,  3792,  3796,  3799,  3811,  3821,  3822,
         3825,  3831,  3832,  3835,  3845,  3846,  3847,  3856,  3860,  3865,
         3869,  3873,  3875,  3922,  3923,  3924,  3928,  3932,  3942,  3943,
         3947,  3953,  3957,  3962,  3966,  3970,  3983,  3984,  3989,  3990,
         4002,  4007,  4010,  4013,  4033,  4034,  4042,  4044,  4048,  4049,
         4056,  4059,  4060,  4064,  4067,  4071,  4072,  4075,  4079,  4087,
         4088,  4100,  4103,  4111,  4113,  4124,  4131,  4132,  4134,  4147,
         4151,  4157,  4159,  4160,  4169,  4171,  4173,  4175,  4177,  4178,
         4179,  4183,  4195,  4199,  4202,  4203,  4208,  4210,  4214,  4216,
         4233,  4238,  4242,  4244,  4252,  4257,  4260,  4262,  4272,  4274,
         4281,  4286,  4294,  4296,  4301,  4309,  4311,  4313,  4317,  4321,
         4343,  4345,  4346,  4349,  4355,  4358,  4376,  4379,  4387,  4390,
         4394,  4399,  4401,  4407,  4412,  4419,  4420,  4431,  4437,  4441,
         4443,  4449,  4451,  4462,  4471,  4472,  4480,  4481,  4482,  4501,
         4503,  4504,  4506,  4507,  4520,  4521,  4523,  4525,  4532,  4534,
         4535,  4536,  4552,  4556,  4557,  4558,  4561,  4565,  4576,  4577,
         4578,  4581,  4592,  4595,  4599,  4603,  4608,  4620,  4624,  4627,
         4635,  4636,  4638,  4639,  4645,  4653,  4654,  4656,  4658,  4664,
         4665,  4667,  4672,  4680,  4685,  4688,  4691,  4707,  4715,  4718,
         4730,  4731,  4737,  4744,  4750,  4751,  4755,  4756,  4757,  4770,
         4773,  4780,  4782,  4791,  4813,  4820,  4830,  4834,  4835,  4836,
         4839,  4848,  4850,  4852,  4861,  4865,  4866,  4869,  4875,  4877,
         4890,  4902,  4906,  4917,  4947,  4948,  4957,  4964,  4965,  4971,
         4972,  4981,  4984,  4987,  4999,  5001,  5004,  5007,  5008,  5011,
         5013,  5031,  5038,  5046,  5047,  5049,  5057,  5067,  5073,  5079,
         5080,  5084,  5094,  5096,  5098,  5114,  5120,  5122,  5123,  5129,
         5138,  5139,  5142,  5145,  5159,  5182,  5185,  5189,  5199,  5210,
         5211,  5215,  5219,  5220,  5232,  5237,  5244,  5252,  5265,  5271,
         5279,  5282,  5283,  5285,  5302,  5308,  5316,  5321,  5327,  5329,
         5342,  5360,  5363,  5370,  5374,  5382,  5386,  5390,  5396,  5398,
         5401,  5403
Total non-polymorphic = 1070


Population     6 [JB121807_01]  (Number of Individuals = 39)
****************
--------------------------------------------------------------------------
Lowest Allele Frequency Used     0.050       0.020       0.010         0+
--------------------------------------------------------------------------

LINKAGE DISEQUILIBRIUM METHOD

Harmonic Mean Sample Size =       36.7        36.7        36.7        36.7
Independent Comparisons =    4749446     7199443     9342291     9342291
OverAll r^2 =                  0.03272     0.03218     0.03156     0.03156
Expected r^2 Sample =          0.02941     0.02942     0.02941     0.02941
Estimated Ne^ =                   98.4       118.8       153.0       153.0

95% CIs for Ne^
* Parametric                      97.2       117.3       150.9       150.9
                                  99.7       120.2       155.1       155.1

* CIs by Jackknife are skipped when number of polymorphic loci > 100

**************************************************************************

Time: Tue Nov 21 14:13:15 2017

Non-polymorphic loci:     7,    13,    27,    32,    34,    38,    39,    40,
           41,    47,    48,    49,    59,    64,    65,    70,    79,    82,
           83,    93,    95,    97,   102,   108,   109,   131,   133,   139,
          143,   144,   150,   155,   166,   172,   177,   186,   196,   205,
          207,   208,   212,   216,   233,   236,   259,   260,   268,   286,
          288,   289,   297,   311,   316,   319,   320,   322,   324,   327,
          332,   333,   338,   352,   361,   367,   380,   382,   385,   394,
          396,   405,   414,   418,   427,   434,   445,   449,   454,   455,
          459,   466,   468,   478,   480,   490,   493,   503,   505,   510,
          511,   512,   516,   517,   521,   523,   535,   537,   541,   551,
          552,   555,   559,   561,   577,   588,   593,   596,   597,   618,
          620,   622,   629,   630,   644,   650,   652,   653,   662,   670,
          677,   682,   684,   693,   698,   699,   700,   714,   717,   723,
          724,   746,   758,   768,   773,   775,   790,   791,   794,   796,
          799,   802,   811,   814,   818,   829,   851,   858,   860,   863,
          870,   871,   873,   888,   894,   895,   898,   899,   907,   908,
          913,   914,   927,   932,   935,   937,   939,   942,   944,   949,
          958,   967,   974,   984,   989,   993,   995,   997,  1005,  1011,
         1013,  1018,  1020,  1024,  1034,  1035,  1037,  1043,  1044,  1056,
         1060,  1067,  1072,  1080,  1083,  1093,  1094,  1099,  1108,  1114,
         1116,  1122,  1129,  1136,  1142,  1146,  1148,  1157,  1158,  1159,
         1163,  1164,  1165,  1173,  1174,  1181,  1191,  1199,  1200,  1201,
         1210,  1218,  1222,  1223,  1232,  1239,  1240,  1243,  1245,  1247,
         1250,  1252,  1255,  1258,  1263,  1265,  1267,  1270,  1274,  1277,
         1285,  1289,  1301,  1304,  1310,  1316,  1319,  1320,  1331,  1336,
         1343,  1350,  1357,  1359,  1360,  1366,  1371,  1374,  1376,  1379,
         1387,  1391,  1393,  1396,  1398,  1400,  1404,  1409,  1412,  1427,
         1447,  1448,  1464,  1465,  1466,  1470,  1471,  1478,  1486,  1497,
         1498,  1500,  1501,  1502,  1503,  1505,  1507,  1508,  1509,  1510,
         1511,  1516,  1524,  1526,  1530,  1532,  1534,  1539,  1550,  1557,
         1559,  1562,  1565,  1567,  1568,  1570,  1580,  1586,  1593,  1598,
         1603,  1612,  1617,  1622,  1627,  1638,  1640,  1645,  1648,  1656,
         1657,  1660,  1661,  1664,  1667,  1687,  1691,  1696,  1699,  1702,
         1709,  1711,  1719,  1721,  1723,  1729,  1738,  1743,  1746,  1749,
         1750,  1758,  1763,  1771,  1784,  1788,  1803,  1804,  1811,  1812,
         1815,  1816,  1832,  1838,  1841,  1850,  1859,  1878,  1881,  1888,
         1890,  1891,  1894,  1912,  1925,  1935,  1939,  1940,  1941,  1947,
         1949,  1957,  1959,  1972,  1977,  1986,  1997,  1998,  2008,  2009,
         2018,  2022,  2023,  2024,  2026,  2038,  2039,  2042,  2048,  2051,
         2059,  2072,  2078,  2087,  2090,  2099,  2104,  2108,  2111,  2114,
         2115,  2119,  2131,  2132,  2140,  2144,  2149,  2155,  2160,  2163,
         2164,  2168,  2171,  2189,  2196,  2200,  2201,  2203,  2204,  2218,
         2231,  2247,  2255,  2258,  2259,  2265,  2270,  2271,  2272,  2277,
         2278,  2279,  2294,  2304,  2307,  2313,  2314,  2322,  2324,  2326,
         2332,  2334,  2337,  2340,  2344,  2350,  2352,  2360,  2369,  2386,
         2392,  2393,  2403,  2406,  2421,  2423,  2427,  2438,  2439,  2447,
         2449,  2451,  2453,  2454,  2460,  2470,  2472,  2475,  2479,  2480,
         2490,  2497,  2500,  2503,  2508,  2509,  2513,  2521,  2526,  2531,
         2532,  2541,  2543,  2546,  2558,  2579,  2591,  2594,  2595,  2610,
         2611,  2613,  2635,  2643,  2647,  2651,  2653,  2654,  2656,  2658,
         2662,  2667,  2669,  2671,  2672,  2675,  2677,  2685,  2687,  2692,
         2696,  2726,  2731,  2734,  2742,  2743,  2744,  2746,  2749,  2754,
         2761,  2766,  2782,  2783,  2792,  2795,  2796,  2808,  2814,  2817,
         2826,  2839,  2844,  2849,  2867,  2876,  2887,  2889,  2895,  2911,
         2915,  2918,  2923,  2924,  2929,  2931,  2932,  2946,  2956,  2963,
         2966,  2972,  2975,  2978,  2982,  2993,  2994,  2995,  3004,  3007,
         3015,  3022,  3024,  3029,  3030,  3040,  3041,  3050,  3054,  3059,
         3061,  3063,  3071,  3078,  3079,  3084,  3085,  3087,  3091,  3097,
         3103,  3104,  3117,  3127,  3137,  3152,  3154,  3156,  3161,  3163,
         3167,  3169,  3174,  3183,  3187,  3189,  3192,  3197,  3207,  3208,
         3214,  3223,  3226,  3228,  3230,  3235,  3237,  3246,  3249,  3250,
         3254,  3255,  3257,  3261,  3267,  3274,  3282,  3293,  3297,  3320,
         3325,  3329,  3339,  3340,  3341,  3344,  3351,  3353,  3354,  3356,
         3360,  3378,  3382,  3392,  3401,  3417,  3420,  3427,  3434,  3436,
         3447,  3451,  3456,  3457,  3478,  3486,  3487,  3488,  3507,  3509,
         3520,  3524,  3527,  3531,  3537,  3541,  3546,  3552,  3558,  3562,
         3566,  3568,  3573,  3575,  3587,  3591,  3592,  3622,  3630,  3644,
         3645,  3646,  3649,  3654,  3675,  3681,  3691,  3698,  3702,  3708,
         3711,  3715,  3718,  3719,  3729,  3730,  3738,  3743,  3753,  3754,
         3755,  3756,  3758,  3762,  3763,  3768,  3769,  3772,  3773,  3778,
         3779,  3786,  3792,  3796,  3799,  3811,  3822,  3825,  3831,  3832,
         3834,  3835,  3845,  3846,  3847,  3856,  3860,  3865,  3869,  3875,
         3877,  3884,  3895,  3922,  3923,  3928,  3932,  3943,  3947,  3957,
         3959,  3966,  3970,  3984,  3989,  3990,  4002,  4010,  4013,  4017,
         4025,  4033,  4034,  4042,  4048,  4049,  4060,  4064,  4067,  4069,
         4071,  4072,  4075,  4079,  4086,  4087,  4103,  4113,  4121,  4124,
         4131,  4132,  4139,  4147,  4159,  4160,  4169,  4171,  4173,  4175,
         4177,  4178,  4181,  4198,  4199,  4207,  4208,  4210,  4216,  4226,
         4228,  4233,  4242,  4245,  4247,  4250,  4252,  4257,  4260,  4262,
         4274,  4281,  4285,  4294,  4295,  4296,  4301,  4309,  4311,  4312,
         4313,  4317,  4321,  4343,  4345,  4346,  4349,  4355,  4358,  4368,
         4387,  4389,  4390,  4394,  4397,  4407,  4410,  4412,  4419,  4420,
         4431,  4437,  4441,  4443,  4445,  4451,  4456,  4462,  4463,  4469,
         4471,  4480,  4481,  4482,  4486,  4492,  4496,  4501,  4503,  4504,
         4506,  4507,  4520,  4521,  4523,  4525,  4532,  4535,  4536,  4547,
         4552,  4555,  4556,  4557,  4558,  4561,  4563,  4564,  4565,  4574,
         4577,  4578,  4581,  4592,  4595,  4599,  4603,  4608,  4624,  4627,
         4638,  4639,  4653,  4656,  4667,  4672,  4680,  4684,  4685,  4691,
         4707,  4715,  4729,  4731,  4737,  4744,  4750,  4751,  4756,  4757,
         4762,  4770,  4773,  4780,  4782,  4787,  4791,  4796,  4822,  4835,
         4836,  4839,  4842,  4848,  4852,  4861,  4865,  4866,  4869,  4875,
         4880,  4890,  4896,  4901,  4902,  4906,  4917,  4920,  4926,  4929,
         4936,  4937,  4944,  4948,  4950,  4952,  4957,  4964,  4965,  4978,
         4996,  4999,  5001,  5004,  5007,  5008,  5011,  5013,  5037,  5038,
         5049,  5050,  5056,  5057,  5067,  5076,  5080,  5084,  5094,  5098,
         5100,  5114,  5120,  5122,  5123,  5127,  5130,  5138,  5142,  5145,
         5153,  5159,  5162,  5164,  5189,  5199,  5201,  5210,  5211,  5215,
         5219,  5220,  5222,  5237,  5244,  5252,  5253,  5263,  5264,  5271,
         5282,  5301,  5302,  5304,  5305,  5308,  5321,  5323,  5327,  5349,
         5363,  5380,  5386,  5390,  5396,  5398,  5399,  5401
Total non-polymorphic = 996


Population     7 [JB021108_02.1]  (Number of Individuals = 36)
****************
--------------------------------------------------------------------------
Lowest Allele Frequency Used     0.050       0.020       0.010         0+
--------------------------------------------------------------------------

LINKAGE DISEQUILIBRIUM METHOD

Harmonic Mean Sample Size =       34.6        34.6        34.6        34.6
Independent Comparisons =    4715163     7432029     9677905     9677905
OverAll r^2 =                  0.03200     0.03188     0.03192     0.03192
Expected r^2 Sample =          0.03146     0.03143     0.03144     0.03144
Estimated Ne^ =                  611.3       740.0       688.8       688.8

95% CIs for Ne^
* Parametric                     568.4       690.0       650.3       650.3
                                 661.1       797.7       732.0       732.0

* CIs by Jackknife are skipped when number of polymorphic loci > 100

**************************************************************************

Time: Tue Nov 21 14:16:15 2017

Non-polymorphic loci:    13,    15,    21,    23,    25,    28,    30,    32,
           36,    38,    40,    41,    42,    45,    47,    60,    64,    67,
           70,    71,    79,    81,    91,    93,    97,   106,   109,   115,
          128,   133,   139,   140,   144,   161,   163,   165,   166,   177,
          180,   184,   185,   205,   208,   212,   213,   233,   237,   239,
          243,   248,   249,   254,   262,   265,   268,   281,   283,   284,
          286,   288,   297,   309,   310,   320,   321,   322,   332,   336,
          353,   359,   366,   367,   372,   373,   375,   387,   391,   393,
          394,   402,   405,   406,   414,   418,   432,   436,   443,   445,
          450,   454,   460,   470,   479,   485,   486,   493,   496,   498,
          499,   504,   508,   515,   525,   530,   537,   551,   552,   558,
          559,   584,   586,   595,   597,   603,   608,   618,   628,   629,
          630,   638,   644,   647,   653,   654,   660,   664,   665,   667,
          669,   670,   696,   698,   713,   714,   715,   717,   725,   733,
          740,   757,   762,   765,   772,   784,   785,   812,   814,   815,
          818,   859,   860,   861,   866,   873,   874,   892,   898,   899,
          900,   905,   908,   910,   912,   914,   919,   921,   931,   934,
          946,   956,   959,   960,   965,   967,   970,   985,   992,   996,
          999,  1001,  1009,  1014,  1020,  1034,  1040,  1053,  1058,  1062,
         1070,  1072,  1085,  1094,  1095,  1099,  1114,  1117,  1123,  1130,
         1135,  1139,  1146,  1148,  1154,  1159,  1161,  1166,  1178,  1179,
         1180,  1192,  1195,  1197,  1199,  1203,  1225,  1227,  1232,  1233,
         1236,  1248,  1249,  1250,  1252,  1255,  1256,  1266,  1277,  1291,
         1296,  1304,  1310,  1313,  1319,  1320,  1330,  1335,  1344,  1350,
         1354,  1357,  1366,  1368,  1376,  1377,  1381,  1395,  1398,  1401,
         1405,  1408,  1409,  1410,  1413,  1415,  1426,  1431,  1434,  1440,
         1443,  1447,  1451,  1454,  1456,  1464,  1482,  1483,  1486,  1487,
         1493,  1502,  1505,  1507,  1509,  1523,  1527,  1533,  1546,  1552,
         1557,  1564,  1565,  1567,  1569,  1570,  1573,  1578,  1579,  1586,
         1595,  1598,  1599,  1603,  1604,  1609,  1611,  1616,  1617,  1621,
         1630,  1634,  1636,  1638,  1645,  1656,  1663,  1669,  1688,  1691,
         1708,  1720,  1721,  1722,  1723,  1725,  1729,  1731,  1738,  1739,
         1770,  1777,  1780,  1784,  1788,  1798,  1799,  1803,  1816,  1817,
         1831,  1832,  1840,  1841,  1846,  1849,  1854,  1859,  1860,  1863,
         1865,  1867,  1881,  1882,  1888,  1894,  1907,  1912,  1921,  1925,
         1939,  1947,  1953,  1958,  1972,  1973,  1980,  1986,  1989,  1991,
         1995,  1998,  2006,  2012,  2016,  2018,  2022,  2023,  2024,  2027,
         2052,  2058,  2061,  2068,  2083,  2093,  2096,  2097,  2108,  2115,
         2125,  2126,  2130,  2131,  2139,  2144,  2146,  2149,  2154,  2158,
         2160,  2163,  2170,  2183,  2187,  2192,  2195,  2196,  2205,  2222,
         2236,  2238,  2240,  2243,  2244,  2254,  2256,  2264,  2274,  2279,
         2287,  2290,  2294,  2313,  2316,  2322,  2324,  2340,  2344,  2351,
         2360,  2371,  2376,  2381,  2383,  2385,  2386,  2387,  2392,  2413,
         2419,  2423,  2427,  2435,  2444,  2451,  2462,  2472,  2475,  2479,
         2484,  2485,  2491,  2492,  2503,  2514,  2523,  2526,  2528,  2532,
         2537,  2545,  2553,  2558,  2561,  2567,  2569,  2570,  2585,  2591,
         2592,  2598,  2604,  2613,  2619,  2621,  2623,  2628,  2630,  2632,
         2635,  2636,  2662,  2667,  2675,  2677,  2678,  2679,  2685,  2692,
         2696,  2699,  2707,  2711,  2713,  2716,  2718,  2725,  2730,  2731,
         2736,  2745,  2748,  2749,  2753,  2754,  2757,  2758,  2761,  2779,
         2782,  2783,  2785,  2800,  2808,  2817,  2820,  2838,  2839,  2849,
         2851,  2859,  2876,  2879,  2887,  2889,  2891,  2895,  2896,  2897,
         2901,  2909,  2911,  2912,  2918,  2923,  2925,  2927,  2931,  2943,
         2946,  2949,  2966,  2969,  2972,  2984,  2985,  2987,  2989,  2993,
         2994,  2996,  2998,  3001,  3012,  3018,  3029,  3030,  3050,  3051,
         3060,  3068,  3069,  3074,  3077,  3078,  3080,  3086,  3100,  3101,
         3102,  3104,  3115,  3116,  3123,  3127,  3138,  3147,  3149,  3163,
         3168,  3174,  3175,  3180,  3183,  3189,  3196,  3207,  3209,  3214,
         3223,  3226,  3237,  3241,  3244,  3246,  3250,  3253,  3254,  3255,
         3283,  3285,  3290,  3292,  3297,  3306,  3318,  3321,  3325,  3328,
         3334,  3338,  3341,  3342,  3344,  3351,  3353,  3355,  3358,  3360,
         3367,  3370,  3371,  3372,  3383,  3389,  3393,  3396,  3408,  3418,
         3440,  3444,  3447,  3461,  3477,  3484,  3492,  3497,  3506,  3520,
         3524,  3525,  3527,  3533,  3537,  3544,  3550,  3552,  3553,  3559,
         3562,  3563,  3598,  3599,  3607,  3610,  3622,  3638,  3641,  3663,
         3664,  3675,  3676,  3680,  3681,  3698,  3701,  3705,  3710,  3717,
         3724,  3726,  3727,  3729,  3731,  3733,  3734,  3742,  3745,  3746,
         3753,  3756,  3757,  3769,  3771,  3772,  3779,  3799,  3807,  3819,
         3825,  3829,  3845,  3846,  3856,  3857,  3858,  3866,  3868,  3876,
         3877,  3884,  3893,  3895,  3912,  3915,  3923,  3926,  3934,  3947,
         3949,  3950,  3963,  3971,  3975,  3988,  3993,  3997,  4003,  4007,
         4008,  4014,  4016,  4017,  4020,  4025,  4040,  4043,  4048,  4056,
         4058,  4060,  4061,  4067,  4072,  4073,  4076,  4078,  4085,  4092,
         4108,  4109,  4120,  4123,  4124,  4131,  4148,  4152,  4156,  4161,
         4164,  4167,  4168,  4180,  4181,  4187,  4189,  4199,  4202,  4207,
         4208,  4210,  4214,  4216,  4219,  4220,  4221,  4239,  4245,  4252,
         4257,  4261,  4270,  4274,  4277,  4285,  4286,  4289,  4291,  4293,
         4294,  4295,  4313,  4339,  4340,  4343,  4345,  4348,  4349,  4350,
         4358,  4368,  4369,  4372,  4382,  4384,  4385,  4397,  4412,  4418,
         4422,  4423,  4426,  4427,  4437,  4439,  4442,  4449,  4451,  4462,
         4469,  4472,  4473,  4475,  4486,  4490,  4498,  4501,  4503,  4504,
         4510,  4515,  4522,  4532,  4536,  4548,  4550,  4555,  4556,  4561,
         4563,  4567,  4568,  4569,  4571,  4573,  4575,  4582,  4594,  4599,
         4604,  4606,  4614,  4620,  4622,  4624,  4626,  4630,  4633,  4638,
         4641,  4646,  4648,  4649,  4652,  4654,  4655,  4658,  4665,  4690,
         4691,  4698,  4699,  4702,  4703,  4713,  4717,  4741,  4744,  4770,
         4780,  4782,  4788,  4791,  4793,  4803,  4811,  4820,  4822,  4830,
         4833,  4834,  4839,  4842,  4852,  4856,  4865,  4866,  4868,  4869,
         4878,  4879,  4900,  4929,  4936,  4942,  4946,  4952,  4958,  4965,
         4973,  4975,  4977,  4978,  4981,  4983,  4997,  4999,  5001,  5004,
         5006,  5007,  5008,  5011,  5013,  5014,  5018,  5022,  5031,  5041,
         5042,  5043,  5046,  5056,  5060,  5080,  5088,  5095,  5098,  5103,
         5108,  5109,  5110,  5116,  5122,  5124,  5127,  5135,  5137,  5143,
         5156,  5159,  5160,  5168,  5180,  5182,  5183,  5188,  5189,  5192,
         5201,  5205,  5206,  5210,  5215,  5219,  5221,  5222,  5231,  5239,
         5241,  5242,  5253,  5258,  5265,  5268,  5271,  5272,  5277,  5280,
         5282,  5305,  5308,  5316,  5322,  5326,  5327,  5358,  5360,  5361,
         5364,  5370,  5380,  5390,  5398,  5399
Total non-polymorphic = 974


Population     8 [BOR07_02.1]  (Number of Individuals = 22)
****************
--------------------------------------------------------------------------
Lowest Allele Frequency Used     0.050       0.020       0.010         0+
--------------------------------------------------------------------------

LINKAGE DISEQUILIBRIUM METHOD

Harmonic Mean Sample Size =       21.6        21.7        21.7        21.7
Independent Comparisons =    5221316     9795099     9795099     9795099
OverAll r^2 =                  0.05541     0.05475     0.05475     0.05475
Expected r^2 Sample =          0.05306     0.05301     0.05301     0.05301
Estimated Ne^ =                  129.7       174.8       174.8       174.8

95% CIs for Ne^
* Parametric                     126.0       170.0       170.0       170.0
                                 133.6       179.8       179.8       179.8

* CIs by Jackknife are skipped when number of polymorphic loci > 100

**************************************************************************

Time: Tue Nov 21 14:18:24 2017

Non-polymorphic loci:     7,    18,    25,    27,    28,    29,    32,    34,
           36,    38,    39,    40,    45,    47,    48,    49,    59,    61,
           70,    76,    82,    91,    92,    93,    95,    97,   102,   109,
          112,   115,   129,   130,   131,   133,   135,   139,   143,   144,
          150,   156,   159,   163,   165,   166,   172,   174,   177,   178,
          179,   186,   188,   195,   196,   205,   207,   209,   212,   216,
          233,   234,   236,   239,   243,   254,   259,   260,   263,   264,
          268,   269,   274,   288,   289,   292,   293,   297,   301,   306,
          316,   319,   320,   322,   327,   332,   337,   338,   345,   352,
          355,   361,   365,   369,   379,   380,   382,   385,   387,   396,
          400,   404,   405,   418,   441,   445,   449,   451,   455,   457,
          459,   466,   472,   480,   489,   490,   499,   503,   504,   505,
          510,   511,   512,   517,   519,   520,   521,   523,   524,   525,
          526,   528,   534,   535,   537,   538,   552,   555,   557,   559,
          565,   577,   578,   582,   588,   593,   595,   596,   597,   600,
          614,   618,   620,   622,   624,   628,   629,   644,   647,   652,
          662,   670,   675,   677,   682,   683,   684,   689,   695,   698,
          700,   709,   713,   714,   715,   717,   723,   724,   729,   733,
          736,   740,   746,   760,   773,   775,   776,   777,   785,   790,
          794,   796,   799,   801,   802,   814,   829,   836,   848,   851,
          861,   863,   870,   871,   873,   888,   890,   894,   895,   898,
          899,   900,   905,   908,   913,   914,   919,   927,   932,   935,
          936,   939,   944,   946,   947,   949,   953,   958,   965,   967,
          968,   984,   991,   992,   993,   994,   995,   996,   999,  1005,
         1009,  1011,  1013,  1014,  1018,  1020,  1024,  1029,  1034,  1035,
         1037,  1043,  1044,  1048,  1055,  1056,  1065,  1067,  1068,  1072,
         1075,  1076,  1080,  1094,  1096,  1099,  1102,  1108,  1114,  1116,
         1122,  1124,  1129,  1134,  1136,  1146,  1148,  1157,  1158,  1159,
         1161,  1163,  1164,  1165,  1172,  1173,  1174,  1176,  1181,  1199,
         1200,  1201,  1203,  1208,  1217,  1222,  1223,  1230,  1235,  1239,
         1245,  1247,  1248,  1250,  1252,  1255,  1259,  1263,  1265,  1267,
         1270,  1272,  1275,  1277,  1283,  1284,  1285,  1289,  1290,  1296,
         1299,  1304,  1308,  1310,  1316,  1319,  1320,  1323,  1324,  1330,
         1331,  1336,  1340,  1343,  1346,  1350,  1351,  1354,  1357,  1360,
         1366,  1374,  1376,  1379,  1387,  1391,  1393,  1398,  1400,  1401,
         1404,  1405,  1412,  1413,  1415,  1418,  1426,  1427,  1429,  1435,
         1443,  1447,  1449,  1456,  1460,  1462,  1463,  1465,  1466,  1471,
         1475,  1478,  1488,  1493,  1497,  1498,  1500,  1501,  1503,  1505,
         1506,  1507,  1508,  1509,  1511,  1525,  1526,  1527,  1532,  1534,
         1538,  1539,  1543,  1550,  1557,  1560,  1562,  1567,  1568,  1570,
         1586,  1588,  1591,  1599,  1603,  1604,  1607,  1609,  1611,  1612,
         1614,  1617,  1620,  1622,  1627,  1638,  1640,  1642,  1645,  1647,
         1648,  1652,  1655,  1656,  1657,  1659,  1664,  1667,  1687,  1689,
         1691,  1696,  1698,  1699,  1702,  1705,  1712,  1717,  1719,  1721,
         1723,  1729,  1738,  1739,  1746,  1749,  1751,  1759,  1763,  1771,
         1776,  1788,  1789,  1801,  1803,  1804,  1812,  1816,  1817,  1827,
         1832,  1836,  1838,  1841,  1843,  1844,  1846,  1849,  1850,  1880,
         1881,  1883,  1886,  1891,  1894,  1905,  1906,  1909,  1912,  1920,
         1925,  1931,  1935,  1939,  1944,  1945,  1947,  1949,  1954,  1956,
         1959,  1964,  1967,  1971,  1972,  1977,  1978,  1989,  1991,  1994,
         1997,  2006,  2008,  2009,  2011,  2022,  2024,  2026,  2031,  2038,
         2039,  2042,  2045,  2048,  2051,  2054,  2058,  2059,  2068,  2072,
         2076,  2078,  2083,  2087,  2090,  2096,  2098,  2099,  2100,  2104,
         2111,  2114,  2115,  2119,  2123,  2131,  2132,  2144,  2145,  2146,
         2148,  2149,  2153,  2154,  2160,  2163,  2164,  2167,  2168,  2171,
         2178,  2189,  2192,  2196,  2200,  2201,  2203,  2215,  2218,  2231,
         2236,  2239,  2247,  2255,  2256,  2258,  2259,  2264,  2265,  2270,
         2271,  2272,  2278,  2279,  2284,  2292,  2294,  2296,  2301,  2303,
         2304,  2310,  2314,  2316,  2322,  2324,  2328,  2330,  2332,  2338,
         2341,  2349,  2350,  2352,  2355,  2356,  2357,  2358,  2360,  2368,
         2369,  2377,  2381,  2386,  2387,  2388,  2392,  2393,  2403,  2406,
         2407,  2416,  2423,  2430,  2440,  2446,  2447,  2450,  2451,  2453,
         2454,  2460,  2466,  2467,  2469,  2470,  2472,  2475,  2480,  2482,
         2490,  2491,  2493,  2500,  2503,  2508,  2509,  2513,  2514,  2521,
         2523,  2525,  2526,  2527,  2531,  2532,  2542,  2543,  2544,  2546,
         2553,  2554,  2558,  2569,  2574,  2579,  2584,  2591,  2592,  2595,
         2604,  2606,  2611,  2613,  2633,  2635,  2636,  2639,  2640,  2650,
         2653,  2654,  2656,  2658,  2662,  2667,  2669,  2672,  2675,  2677,
         2679,  2680,  2685,  2687,  2692,  2693,  2704,  2709,  2719,  2726,
         2727,  2731,  2734,  2739,  2742,  2743,  2746,  2749,  2753,  2754,
         2760,  2761,  2764,  2766,  2778,  2782,  2783,  2785,  2790,  2795,
         2796,  2802,  2807,  2808,  2814,  2822,  2826,  2829,  2833,  2839,
         2844,  2856,  2863,  2867,  2874,  2876,  2877,  2880,  2882,  2883,
         2887,  2889,  2890,  2911,  2912,  2915,  2916,  2917,  2923,  2924,
         2927,  2929,  2931,  2932,  2944,  2946,  2953,  2956,  2960,  2963,
         2966,  2969,  2975,  2978,  2982,  2985,  2989,  2993,  3006,  3014,
         3016,  3018,  3022,  3024,  3025,  3027,  3029,  3030,  3031,  3040,
         3048,  3050,  3059,  3060,  3061,  3063,  3064,  3066,  3068,  3071,
         3072,  3079,  3080,  3085,  3087,  3093,  3095,  3097,  3100,  3101,
         3103,  3104,  3113,  3115,  3117,  3119,  3125,  3127,  3137,  3142,
         3144,  3152,  3158,  3161,  3162,  3167,  3168,  3174,  3179,  3180,
         3183,  3187,  3189,  3192,  3194,  3196,  3197,  3207,  3208,  3214,
         3218,  3220,  3223,  3226,  3228,  3235,  3237,  3240,  3243,  3244,
         3246,  3249,  3250,  3254,  3257,  3261,  3267,  3271,  3273,  3281,
         3282,  3283,  3292,  3293,  3299,  3307,  3315,  3320,  3325,  3329,
         3335,  3336,  3337,  3339,  3340,  3341,  3353,  3354,  3356,  3360,
         3364,  3375,  3378,  3379,  3382,  3392,  3394,  3401,  3405,  3419,
         3420,  3434,  3436,  3441,  3444,  3446,  3447,  3448,  3457,  3465,
         3466,  3472,  3478,  3487,  3488,  3505,  3506,  3507,  3509,  3510,
         3517,  3519,  3520,  3524,  3527,  3531,  3537,  3541,  3546,  3550,
         3552,  3558,  3561,  3562,  3566,  3568,  3573,  3574,  3575,  3578,
         3582,  3583,  3587,  3591,  3592,  3595,  3599,  3607,  3622,  3626,
         3630,  3632,  3633,  3635,  3645,  3646,  3647,  3649,  3654,  3661,
         3670,  3671,  3675,  3676,  3680,  3681,  3690,  3691,  3698,  3702,
         3706,  3708,  3711,  3715,  3719,  3724,  3727,  3734,  3738,  3739,
         3740,  3743,  3753,  3754,  3755,  3756,  3757,  3761,  3762,  3763,
         3768,  3769,  3771,  3778,  3779,  3783,  3784,  3786,  3796,  3797,
         3799,  3801,  3811,  3819,  3822,  3825,  3826,  3827,  3831,  3832,
         3834,  3847,  3860,  3864,  3865,  3867,  3869,  3873,  3875,  3876,
         3883,  3912,  3913,  3922,  3923,  3928,  3932,  3935,  3942,  3943,
         3945,  3947,  3950,  3953,  3957,  3962,  3963,  3966,  3970,  3979,
         3981,  3984,  3987,  3990,  3993,  3997,  4001,  4002,  4010,  4014,
         4017,  4023,  4034,  4040,  4042,  4044,  4047,  4048,  4049,  4056,
         4059,  4064,  4065,  4069,  4071,  4075,  4078,  4079,  4083,  4084,
         4087,  4100,  4103,  4111,  4113,  4124,  4130,  4131,  4132,  4139,
         4140,  4147,  4151,  4157,  4159,  4160,  4165,  4169,  4171,  4175,
         4177,  4178,  4198,  4203,  4207,  4214,  4216,  4226,  4233,  4242,
         4245,  4247,  4252,  4257,  4260,  4274,  4281,  4290,  4294,  4296,
         4301,  4309,  4311,  4312,  4313,  4317,  4321,  4339,  4343,  4345,
         4346,  4349,  4353,  4355,  4358,  4366,  4376,  4379,  4382,  4385,
         4387,  4390,  4392,  4394,  4395,  4399,  4406,  4407,  4410,  4412,
         4419,  4420,  4422,  4423,  4431,  4437,  4441,  4442,  4443,  4444,
         4445,  4451,  4457,  4462,  4463,  4470,  4471,  4475,  4479,  4480,
         4481,  4482,  4490,  4496,  4497,  4498,  4501,  4503,  4504,  4507,
         4512,  4520,  4521,  4525,  4530,  4532,  4535,  4536,  4542,  4547,
         4552,  4555,  4556,  4557,  4558,  4561,  4564,  4565,  4568,  4573,
         4574,  4577,  4578,  4581,  4591,  4594,  4595,  4599,  4603,  4608,
         4614,  4620,  4624,  4627,  4632,  4635,  4636,  4638,  4645,  4646,
         4652,  4653,  4656,  4658,  4667,  4669,  4672,  4673,  4685,  4690,
         4691,  4704,  4705,  4707,  4713,  4715,  4716,  4719,  4729,  4731,
         4739,  4740,  4744,  4750,  4751,  4755,  4756,  4757,  4766,  4770,
         4773,  4780,  4782,  4785,  4787,  4799,  4806,  4810,  4813,  4820,
         4821,  4830,  4833,  4834,  4835,  4836,  4837,  4839,  4845,  4852,
         4855,  4856,  4861,  4865,  4869,  4875,  4877,  4884,  4890,  4896,
         4902,  4906,  4916,  4917,  4926,  4928,  4936,  4937,  4944,  4947,
         4948,  4953,  4957,  4964,  4965,  4971,  4972,  4976,  4978,  4981,
         4987,  4996,  4999,  5001,  5002,  5004,  5005,  5006,  5007,  5008,
         5011,  5013,  5031,  5036,  5038,  5043,  5047,  5049,  5056,  5057,
         5067,  5076,  5079,  5080,  5084,  5091,  5095,  5096,  5098,  5100,
         5101,  5103,  5114,  5116,  5120,  5122,  5127,  5130,  5135,  5145,
         5153,  5159,  5163,  5167,  5182,  5183,  5185,  5189,  5199,  5201,
         5207,  5210,  5211,  5214,  5215,  5219,  5220,  5222,  5234,  5237,
         5242,  5244,  5249,  5252,  5253,  5263,  5264,  5265,  5271,  5277,
         5279,  5282,  5283,  5290,  5301,  5302,  5304,  5305,  5308,  5311,
         5314,  5316,  5321,  5322,  5323,  5327,  5335,  5340,  5355,  5361,
         5363,  5364,  5369,  5370,  5374,  5380,  5383,  5386,  5390,  5395,
         5396,  5397,  5398,  5401,  5403
Total non-polymorphic = 1363


Population     9 [GEO020414_11_300]  (Number of Individuals = 22)
****************
--------------------------------------------------------------------------
Lowest Allele Frequency Used     0.050       0.020       0.010         0+
--------------------------------------------------------------------------

LINKAGE DISEQUILIBRIUM METHOD

Harmonic Mean Sample Size =       20.7        20.8        20.8        20.8
Independent Comparisons =    4272831     8090476     8090476     8090476
OverAll r^2 =                  0.05626     0.05610     0.05610     0.05610
Expected r^2 Sample =          0.05555     0.05539     0.05539     0.05539
Estimated Ne^ =                  429.0       434.5       434.5       434.5

95% CIs for Ne^
* Parametric                     387.9       403.1       403.1       403.1
                                 479.8       471.1       471.1       471.1

* CIs by Jackknife are skipped when number of polymorphic loci > 100

**************************************************************************

Ending time: Tue Nov 21 14:20:16 2017
-------------------------------------

