Output from NeEstimator v.2
Starting time: Tue Mar 20 09:38:00 2018
Input File: "D:\Pacific cod\DataAnalysis\PCod-Korea-repo\stacks_b8_verif\batch_8_filtbatch_8_verif_south_byyear_Ne_LD"

Number of Loci = 5804

Non-polymorphic loci:    10,    33,    38,    44,    46,    55,    56,    74,
           76,    96,   108,   112,   123,   127,   133,   150,   152,   165,
          195,   201,   206,   215,   217,   225,   242,   246,   265,   270,
          285,   291,   292,   300,   321,   326,   327,   331,   350,   356,
          359,   366,   386,   417,   422,   424,   431,   440,   483,   498,
          529,   533,   549,   555,   557,   563,   567,   582,   592,   598,
          599,   606,   624,   642,   647,   651,   674,   682,   696,   701,
          732,   734,   773,   774,   776,   805,   818,   834,   838,   845,
          856,   859,   870,   876,   881,   888,   893,   928,   934,   941,
          968,   971,   972,   974,   987,   988,  1008,  1011,  1017,  1020,
         1027,  1036,  1043,  1052,  1074,  1093,  1096,  1101,  1103,  1118,
         1121,  1122,  1142,  1143,  1160,  1169,  1182,  1188,  1205,  1239,
         1245,  1253,  1254,  1269,  1270,  1298,  1303,  1315,  1318,  1323,
         1346,  1348,  1355,  1357,  1378,  1393,  1400,  1415,  1421,  1424,
         1425,  1427,  1428,  1454,  1466,  1468,  1469,  1476,  1486,  1503,
         1505,  1508,  1510,  1513,  1514,  1518,  1519,  1531,  1545,  1563,
         1564,  1586,  1593,  1600,  1618,  1624,  1628,  1629,  1631,  1633,
         1636,  1637,  1638,  1640,  1651,  1654,  1664,  1671,  1694,  1702,
         1712,  1718,  1727,  1733,  1741,  1743,  1745,  1748,  1751,  1757,
         1774,  1793,  1800,  1829,  1833,  1838,  1840,  1844,  1848,  1866,
         1873,  1883,  1897,  1911,  1920,  1938,  1948,  1956,  1959,  1963,
         1967,  1982,  1990,  1998,  2005,  2022,  2037,  2039,  2044,  2046,
         2052,  2078,  2101,  2102,  2110,  2113,  2122,  2123,  2131,  2154,
         2164,  2167,  2184,  2190,  2193,  2195,  2200,  2211,  2213,  2215,
         2235,  2243,  2260,  2273,  2286,  2294,  2308,  2330,  2336,  2339,
         2366,  2373,  2377,  2396,  2398,  2409,  2416,  2436,  2439,  2448,
         2452,  2461,  2468,  2472,  2476,  2483,  2484,  2508,  2514,  2516,
         2517,  2528,  2535,  2545,  2555,  2559,  2571,  2575,  2576,  2581,
         2582,  2583,  2600,  2609,  2611,  2622,  2632,  2642,  2647,  2656,
         2662,  2667,  2669,  2686,  2687,  2695,  2700,  2705,  2708,  2719,
         2720,  2744,  2757,  2762,  2777,  2780,  2796,  2797,  2799,  2800,
         2801,  2817,  2818,  2841,  2849,  2855,  2861,  2862,  2866,  2886,
         2888,  2893,  2901,  2909,  2940,  2941,  2942,  2946,  2949,  2957,
         2964,  2968,  2973,  2981,  3004,  3007,  3017,  3019,  3029,  3034,
         3059,  3065,  3070,  3078,  3084,  3101,  3114,  3137,  3138,  3141,
         3159,  3160,  3174,  3181,  3185,  3196,  3200,  3213,  3216,  3226,
         3228,  3241,  3245,  3249,  3253,  3264,  3276,  3278,  3287,  3290,
         3299,  3316,  3333,  3339,  3342,  3356,  3366,  3394,  3405,  3407,
         3427,  3441,  3443,  3454,  3462,  3475,  3477,  3484,  3485,  3487,
         3490,  3497,  3500,  3505,  3534,  3536,  3595,  3599,  3600,  3602,
         3617,  3618,  3625,  3629,  3646,  3672,  3684,  3688,  3695,  3707,
         3712,  3719,  3721,  3723,  3745,  3764,  3782,  3787,  3796,  3797,
         3804,  3809,  3815,  3820,  3828,  3858,  3873,  3878,  3882,  3942,
         3943,  3959,  3973,  3977,  3979,  3980,  3989,  3990,  4003,  4006,
         4029,  4042,  4062,  4063,  4070,  4071,  4089,  4105,  4109,  4112,
         4117,  4140,  4146,  4147,  4149,  4150,  4162,  4163,  4172,  4176,
         4181,  4185,  4233,  4237,  4241,  4243,  4247,  4251,  4267,  4268,
         4275,  4285,  4289,  4293,  4299,  4314,  4326,  4364,  4367,  4373,
         4385,  4394,  4397,  4401,  4405,  4429,  4444,  4452,  4459,  4460,
         4477,  4489,  4490,  4495,  4505,  4507,  4526,  4529,  4537,  4545,
         4554,  4562,  4570,  4575,  4588,  4602,  4604,  4632,  4635,  4648,
         4675,  4677,  4681,  4687,  4690,  4701,  4719,  4721,  4723,  4740,
         4749,  4755,  4757,  4766,  4772,  4785,  4798,  4805,  4807,  4808,
         4818,  4819,  4820,  4823,  4841,  4844,  4846,  4863,  4866,  4879,
         4891,  4896,  4913,  4918,  4923,  4926,  4937,  4940,  4954,  4968,
         4972,  4973,  4985,  4988,  5003,  5006,  5014,  5031,  5038,  5044,
         5086,  5088,  5090,  5095,  5108,  5113,  5138,  5142,  5197,  5202,
         5215,  5228,  5238,  5240,  5254,  5271,  5297,  5306,  5315,  5319,
         5321,  5337,  5349,  5376,  5378,  5381,  5385,  5388,  5397,  5419,
         5425,  5434,  5435,  5445,  5457,  5462,  5476,  5485,  5506,  5515,
         5523,  5541,  5542,  5548,  5578,  5588,  5590,  5596,  5609,  5658,
         5660,  5677,  5703,  5710,  5722,  5723,  5760,  5789,  5797,  5802
Total non-polymorphic = 618

LD mating model: Random

Population     1 [PO010715_02]  (Number of Individuals = 70)
****************
--------------------------------------------------------------------------
Lowest Allele Frequency Used     0.050       0.020       0.010         0+
--------------------------------------------------------------------------

LINKAGE DISEQUILIBRIUM METHOD

Harmonic Mean Sample Size =       68.7        68.6        68.6        68.6
Independent Comparisons =    6101995     9774438    11246152    13423237
OverAll r^2 =                  0.01548     0.01552     0.01567     0.01603
Expected r^2 Sample =          0.01519     0.01520     0.01521     0.01521
Estimated Ne^ =                 1147.8      1034.8       728.4       403.8

95% CIs for Ne^
* Parametric                    1082.7       992.2       708.2       397.9
                                1221.0      1081.1       749.7       409.9

* CIs by Jackknife are skipped when number of polymorphic loci > 100

**************************************************************************

Time: Tue Mar 20 09:44:18 2018

Non-polymorphic loci:     5,    10,    33,    38,    40,    44,    45,    46,
           55,    56,    57,    68,    74,    90,    95,    96,   102,   110,
          112,   117,   122,   127,   132,   150,   152,   164,   187,   195,
          206,   215,   225,   235,   237,   242,   246,   264,   285,   288,
          291,   292,   300,   319,   321,   323,   331,   345,   350,   354,
          356,   359,   362,   366,   372,   386,   395,   399,   417,   422,
          431,   433,   449,   483,   487,   493,   494,   498,   506,   518,
          520,   529,   533,   549,   550,   555,   556,   557,   560,   562,
          582,   587,   598,   599,   602,   606,   624,   636,   642,   647,
          648,   672,   674,   682,   683,   697,   707,   715,   723,   734,
          741,   758,   759,   760,   774,   782,   783,   805,   818,   828,
          834,   836,   850,   856,   859,   862,   870,   876,   881,   887,
          888,   893,   910,   916,   923,   928,   934,   938,   941,   956,
          957,   960,   967,   968,   972,   981,   982,   987,   988,  1002,
         1008,  1011,  1013,  1017,  1020,  1022,  1027,  1036,  1052,  1075,
         1078,  1093,  1096,  1101,  1103,  1118,  1119,  1122,  1128,  1129,
         1135,  1143,  1154,  1160,  1169,  1172,  1188,  1199,  1205,  1207,
         1213,  1221,  1228,  1245,  1251,  1252,  1253,  1259,  1260,  1263,
         1269,  1270,  1296,  1298,  1303,  1308,  1322,  1323,  1340,  1351,
         1355,  1357,  1360,  1363,  1365,  1368,  1371,  1375,  1378,  1389,
         1393,  1400,  1415,  1421,  1425,  1437,  1442,  1459,  1466,  1468,
         1469,  1476,  1481,  1484,  1486,  1490,  1498,  1503,  1505,  1508,
         1510,  1518,  1543,  1564,  1585,  1586,  1592,  1593,  1600,  1608,
         1623,  1624,  1626,  1629,  1631,  1633,  1634,  1636,  1637,  1640,
         1651,  1664,  1666,  1671,  1682,  1689,  1691,  1694,  1695,  1700,
         1718,  1727,  1732,  1746,  1751,  1757,  1762,  1774,  1776,  1784,
         1795,  1802,  1805,  1829,  1833,  1838,  1841,  1844,  1861,  1866,
         1873,  1883,  1893,  1897,  1906,  1911,  1918,  1920,  1931,  1933,
         1937,  1938,  1953,  1955,  1963,  1967,  1982,  1985,  1993,  1996,
         2005,  2016,  2034,  2044,  2052,  2097,  2101,  2103,  2104,  2111,
         2113,  2116,  2123,  2126,  2145,  2154,  2167,  2177,  2190,  2193,
         2195,  2208,  2221,  2235,  2243,  2249,  2260,  2263,  2279,  2283,
         2286,  2290,  2294,  2308,  2316,  2320,  2325,  2336,  2339,  2340,
         2345,  2366,  2373,  2377,  2380,  2396,  2398,  2409,  2427,  2436,
         2440,  2452,  2453,  2454,  2459,  2460,  2461,  2471,  2476,  2483,
         2487,  2490,  2497,  2508,  2518,  2535,  2537,  2545,  2554,  2572,
         2573,  2575,  2581,  2583,  2594,  2600,  2611,  2622,  2632,  2634,
         2647,  2649,  2650,  2667,  2672,  2687,  2695,  2698,  2700,  2705,
         2706,  2708,  2711,  2720,  2725,  2730,  2731,  2742,  2748,  2762,
         2777,  2780,  2784,  2796,  2799,  2800,  2816,  2817,  2818,  2841,
         2859,  2861,  2862,  2866,  2869,  2872,  2877,  2879,  2881,  2882,
         2886,  2888,  2896,  2909,  2940,  2944,  2946,  2949,  2957,  2961,
         2962,  2964,  2965,  2968,  2973,  2979,  2985,  3003,  3004,  3018,
         3029,  3034,  3041,  3046,  3059,  3065,  3084,  3090,  3101,  3112,
         3114,  3121,  3141,  3150,  3151,  3159,  3174,  3185,  3193,  3196,
         3206,  3209,  3213,  3226,  3228,  3241,  3245,  3247,  3250,  3257,
         3264,  3276,  3277,  3286,  3290,  3295,  3299,  3316,  3318,  3322,
         3328,  3335,  3342,  3356,  3366,  3376,  3395,  3397,  3400,  3405,
         3412,  3420,  3432,  3436,  3438,  3441,  3446,  3455,  3462,  3471,
         3475,  3477,  3480,  3487,  3497,  3500,  3505,  3509,  3514,  3520,
         3527,  3535,  3547,  3551,  3583,  3599,  3600,  3602,  3617,  3618,
         3621,  3625,  3646,  3656,  3668,  3684,  3686,  3689,  3694,  3695,
         3707,  3718,  3730,  3752,  3753,  3761,  3762,  3764,  3784,  3786,
         3797,  3804,  3809,  3815,  3816,  3820,  3824,  3832,  3838,  3844,
         3849,  3852,  3873,  3878,  3879,  3912,  3930,  3941,  3942,  3945,
         3952,  3973,  3977,  3980,  3990,  3993,  4013,  4017,  4021,  4059,
         4060,  4062,  4070,  4071,  4072,  4077,  4088,  4098,  4104,  4109,
         4112,  4117,  4125,  4137,  4140,  4146,  4147,  4150,  4161,  4162,
         4163,  4172,  4176,  4181,  4185,  4191,  4241,  4242,  4247,  4251,
         4263,  4267,  4268,  4279,  4289,  4293,  4308,  4313,  4314,  4326,
         4335,  4338,  4344,  4359,  4367,  4373,  4374,  4385,  4389,  4392,
         4396,  4397,  4398,  4401,  4405,  4412,  4429,  4439,  4444,  4452,
         4459,  4460,  4477,  4489,  4490,  4498,  4500,  4502,  4503,  4505,
         4507,  4508,  4511,  4530,  4538,  4540,  4545,  4562,  4570,  4575,
         4580,  4585,  4588,  4590,  4604,  4611,  4625,  4627,  4632,  4635,
         4641,  4643,  4645,  4648,  4650,  4654,  4675,  4677,  4681,  4687,
         4690,  4719,  4721,  4723,  4727,  4740,  4745,  4749,  4754,  4755,
         4766,  4772,  4776,  4778,  4785,  4798,  4805,  4807,  4817,  4818,
         4819,  4841,  4843,  4844,  4846,  4847,  4861,  4863,  4866,  4868,
         4875,  4879,  4880,  4896,  4901,  4902,  4903,  4906,  4910,  4922,
         4923,  4926,  4937,  4940,  4949,  4954,  4973,  4977,  4988,  4989,
         5003,  5006,  5017,  5022,  5032,  5038,  5044,  5061,  5071,  5086,
         5088,  5090,  5095,  5102,  5107,  5108,  5112,  5113,  5127,  5130,
         5138,  5144,  5151,  5198,  5199,  5202,  5211,  5215,  5224,  5228,
         5229,  5232,  5238,  5254,  5261,  5267,  5271,  5286,  5319,  5321,
         5332,  5340,  5341,  5376,  5378,  5381,  5383,  5385,  5386,  5388,
         5390,  5415,  5427,  5435,  5445,  5454,  5458,  5464,  5476,  5480,
         5500,  5509,  5511,  5531,  5534,  5542,  5548,  5578,  5588,  5599,
         5600,  5604,  5608,  5609,  5628,  5636,  5656,  5660,  5665,  5677,
         5697,  5703,  5715,  5722,  5723,  5760,  5785,  5789,  5795,  5797,
         5800
Total non-polymorphic = 799


Population     2 [JB121807_01]  (Number of Individuals = 73)
****************
--------------------------------------------------------------------------
Lowest Allele Frequency Used     0.050       0.020       0.010         0+
--------------------------------------------------------------------------

LINKAGE DISEQUILIBRIUM METHOD

Harmonic Mean Sample Size =       66.0        66.3        66.2        66.2
Independent Comparisons =    5310916     9135870    10488631    12447551
OverAll r^2 =                  0.01659     0.01638     0.01633     0.01631
Expected r^2 Sample =          0.01564     0.01557     0.01558     0.01559
Estimated Ne^ =                  347.7       410.7       445.1       460.4

95% CIs for Ne^
* Parametric                     340.5       403.1       436.9       452.3
                                 355.2       418.5       453.7       468.7

* CIs by Jackknife are skipped when number of polymorphic loci > 100

**************************************************************************

Time: Tue Mar 20 09:50:58 2018

Non-polymorphic loci:     5,    10,    23,    31,    33,    34,    35,    38,
           40,    42,    44,    45,    46,    51,    55,    56,    57,    68,
           70,    79,    82,    86,    91,    95,   106,   107,   108,   110,
          112,   117,   123,   127,   128,   132,   133,   148,   149,   150,
          152,   155,   160,   164,   165,   168,   173,   180,   183,   186,
          187,   192,   194,   195,   201,   203,   206,   207,   215,   217,
          224,   225,   235,   237,   239,   242,   246,   264,   265,   267,
          270,   274,   284,   285,   291,   292,   295,   296,   300,   301,
          306,   321,   323,   326,   327,   331,   335,   340,   350,   353,
          354,   356,   362,   366,   371,   372,   379,   386,   389,   395,
          399,   400,   404,   415,   417,   419,   422,   424,   433,   437,
          440,   441,   453,   479,   483,   487,   489,   491,   494,   496,
          498,   506,   511,   512,   520,   529,   532,   533,   538,   545,
          549,   550,   555,   556,   557,   560,   563,   565,   567,   568,
          570,   571,   572,   573,   575,   581,   582,   584,   599,   602,
          604,   606,   612,   624,   625,   629,   636,   642,   643,   645,
          647,   648,   651,   666,   670,   672,   674,   676,   678,   681,
          682,   697,   701,   706,   715,   719,   723,   727,   732,   734,
          739,   740,   741,   748,   755,   758,   760,   769,   773,   774,
          775,   776,   782,   783,   788,   792,   795,   799,   805,   818,
          820,   834,   836,   837,   838,   845,   850,   854,   856,   859,
          861,   862,   870,   876,   879,   888,   893,   900,   913,   916,
          926,   928,   934,   937,   938,   941,   945,   956,   957,   959,
          960,   962,   967,   968,   971,   972,   974,   979,   982,   987,
          988,   993,   997,  1002,  1008,  1011,  1012,  1017,  1022,  1024,
         1025,  1027,  1031,  1036,  1043,  1045,  1046,  1063,  1070,  1072,
         1073,  1074,  1075,  1076,  1080,  1086,  1090,  1093,  1094,  1096,
         1097,  1101,  1103,  1112,  1118,  1119,  1122,  1128,  1129,  1133,
         1135,  1142,  1143,  1152,  1154,  1155,  1160,  1163,  1164,  1169,
         1183,  1185,  1188,  1192,  1199,  1205,  1207,  1213,  1215,  1221,
         1226,  1228,  1239,  1241,  1245,  1251,  1252,  1253,  1255,  1258,
         1259,  1260,  1263,  1268,  1269,  1270,  1273,  1278,  1296,  1297,
         1298,  1300,  1303,  1306,  1315,  1317,  1318,  1322,  1323,  1330,
         1336,  1340,  1346,  1348,  1349,  1351,  1353,  1355,  1357,  1363,
         1365,  1366,  1368,  1371,  1373,  1376,  1378,  1387,  1388,  1389,
         1393,  1394,  1400,  1401,  1404,  1409,  1413,  1415,  1421,  1424,
         1425,  1428,  1429,  1436,  1437,  1442,  1447,  1450,  1454,  1459,
         1460,  1463,  1466,  1469,  1476,  1484,  1486,  1490,  1498,  1503,
         1505,  1510,  1513,  1514,  1518,  1519,  1525,  1526,  1528,  1531,
         1541,  1543,  1545,  1553,  1556,  1563,  1564,  1567,  1569,  1577,
         1581,  1583,  1584,  1586,  1588,  1593,  1597,  1600,  1611,  1618,
         1623,  1624,  1626,  1628,  1631,  1633,  1634,  1635,  1636,  1637,
         1638,  1640,  1655,  1658,  1659,  1664,  1666,  1670,  1671,  1675,
         1682,  1689,  1692,  1694,  1695,  1700,  1702,  1718,  1721,  1725,
         1733,  1737,  1738,  1741,  1743,  1745,  1746,  1748,  1751,  1755,
         1757,  1762,  1774,  1776,  1778,  1783,  1784,  1787,  1790,  1793,
         1794,  1795,  1797,  1802,  1805,  1829,  1831,  1833,  1838,  1840,
         1841,  1844,  1848,  1854,  1859,  1861,  1864,  1866,  1870,  1873,
         1883,  1884,  1893,  1897,  1899,  1907,  1911,  1918,  1920,  1924,
         1931,  1937,  1939,  1951,  1953,  1955,  1963,  1967,  1968,  1979,
         1982,  1985,  1989,  1990,  1993,  1996,  1998,  1999,  2001,  2004,
         2005,  2012,  2036,  2037,  2039,  2042,  2047,  2051,  2052,  2063,
         2064,  2067,  2070,  2078,  2083,  2092,  2097,  2101,  2102,  2107,
         2109,  2110,  2111,  2113,  2120,  2122,  2126,  2131,  2134,  2139,
         2140,  2145,  2146,  2157,  2159,  2163,  2166,  2175,  2177,  2179,
         2187,  2190,  2193,  2195,  2200,  2207,  2208,  2211,  2213,  2215,
         2218,  2221,  2224,  2229,  2230,  2235,  2239,  2243,  2247,  2249,
         2254,  2260,  2263,  2270,  2272,  2273,  2274,  2279,  2286,  2289,
         2290,  2294,  2299,  2308,  2320,  2321,  2322,  2324,  2325,  2329,
         2330,  2336,  2339,  2340,  2343,  2344,  2345,  2348,  2355,  2366,
         2369,  2373,  2377,  2378,  2380,  2393,  2396,  2398,  2409,  2414,
         2416,  2419,  2427,  2436,  2437,  2439,  2440,  2445,  2446,  2448,
         2452,  2453,  2454,  2460,  2461,  2465,  2471,  2474,  2476,  2478,
         2484,  2486,  2487,  2494,  2498,  2500,  2506,  2508,  2512,  2514,
         2516,  2522,  2525,  2534,  2535,  2537,  2540,  2541,  2542,  2543,
         2545,  2553,  2554,  2559,  2563,  2567,  2572,  2573,  2575,  2576,
         2577,  2581,  2582,  2583,  2592,  2594,  2597,  2598,  2599,  2600,
         2609,  2617,  2620,  2625,  2635,  2641,  2642,  2643,  2646,  2647,
         2649,  2650,  2656,  2662,  2663,  2666,  2667,  2669,  2672,  2677,
         2679,  2687,  2688,  2690,  2698,  2700,  2705,  2706,  2708,  2711,
         2712,  2720,  2722,  2724,  2725,  2726,  2730,  2731,  2743,  2744,
         2745,  2748,  2756,  2757,  2762,  2774,  2777,  2780,  2784,  2789,
         2796,  2797,  2800,  2810,  2813,  2817,  2818,  2839,  2841,  2842,
         2845,  2846,  2858,  2861,  2862,  2864,  2866,  2872,  2877,  2879,
         2882,  2886,  2888,  2890,  2891,  2896,  2898,  2901,  2905,  2906,
         2918,  2933,  2940,  2941,  2942,  2944,  2946,  2949,  2955,  2957,
         2960,  2961,  2964,  2965,  2968,  2972,  2973,  2978,  2979,  2982,
         2983,  2985,  2999,  3003,  3004,  3007,  3012,  3017,  3018,  3023,
         3028,  3029,  3034,  3041,  3042,  3046,  3049,  3053,  3059,  3065,
         3078,  3084,  3086,  3090,  3099,  3101,  3102,  3105,  3107,  3108,
         3112,  3114,  3115,  3137,  3138,  3141,  3142,  3144,  3150,  3151,
         3155,  3157,  3159,  3160,  3172,  3174,  3181,  3185,  3187,  3190,
         3193,  3196,  3200,  3206,  3209,  3213,  3216,  3221,  3226,  3232,
         3240,  3245,  3247,  3249,  3251,  3253,  3257,  3259,  3260,  3263,
         3264,  3265,  3266,  3276,  3284,  3286,  3295,  3296,  3297,  3299,
         3300,  3302,  3305,  3308,  3309,  3316,  3317,  3318,  3322,  3324,
         3331,  3333,  3335,  3338,  3339,  3341,  3342,  3352,  3354,  3356,
         3358,  3364,  3366,  3376,  3381,  3383,  3395,  3402,  3405,  3407,
         3412,  3413,  3420,  3427,  3429,  3432,  3436,  3438,  3441,  3443,
         3446,  3454,  3455,  3462,  3466,  3468,  3471,  3475,  3478,  3485,
         3487,  3490,  3494,  3495,  3497,  3500,  3501,  3505,  3509,  3514,
         3520,  3524,  3526,  3534,  3535,  3536,  3546,  3547,  3553,  3562,
         3573,  3578,  3583,  3587,  3594,  3595,  3596,  3599,  3600,  3602,
         3617,  3618,  3621,  3625,  3629,  3639,  3642,  3643,  3646,  3656,
         3659,  3660,  3668,  3672,  3682,  3685,  3686,  3689,  3701,  3704,
         3707,  3712,  3714,  3717,  3719,  3721,  3730,  3738,  3739,  3746,
         3752,  3753,  3762,  3763,  3764,  3781,  3782,  3784,  3786,  3787,
         3794,  3796,  3797,  3801,  3804,  3809,  3815,  3816,  3820,  3824,
         3828,  3832,  3838,  3840,  3842,  3844,  3849,  3851,  3852,  3858,
         3859,  3860,  3863,  3868,  3869,  3873,  3878,  3879,  3882,  3887,
         3896,  3912,  3916,  3921,  3924,  3925,  3927,  3942,  3943,  3945,
         3952,  3959,  3969,  3970,  3973,  3974,  3977,  3979,  3980,  3989,
         3990,  3993,  3999,  4003,  4007,  4009,  4013,  4017,  4021,  4026,
         4029,  4037,  4042,  4043,  4045,  4048,  4059,  4060,  4062,  4063,
         4064,  4069,  4070,  4072,  4077,  4078,  4080,  4088,  4089,  4094,
         4095,  4098,  4105,  4109,  4110,  4112,  4114,  4125,  4134,  4137,
         4140,  4141,  4142,  4146,  4147,  4149,  4163,  4176,  4180,  4181,
         4183,  4185,  4189,  4191,  4192,  4194,  4198,  4230,  4231,  4240,
         4241,  4242,  4247,  4251,  4254,  4262,  4263,  4265,  4267,  4268,
         4272,  4275,  4279,  4285,  4286,  4289,  4293,  4303,  4305,  4308,
         4311,  4314,  4317,  4321,  4325,  4326,  4335,  4339,  4342,  4349,
         4359,  4365,  4367,  4369,  4372,  4373,  4374,  4381,  4383,  4389,
         4390,  4394,  4396,  4397,  4401,  4404,  4405,  4409,  4410,  4412,
         4417,  4426,  4429,  4437,  4439,  4444,  4452,  4458,  4459,  4460,
         4467,  4468,  4477,  4480,  4486,  4489,  4490,  4494,  4498,  4500,
         4503,  4505,  4507,  4508,  4529,  4533,  4537,  4544,  4545,  4554,
         4562,  4570,  4573,  4575,  4580,  4585,  4588,  4604,  4611,  4621,
         4625,  4627,  4632,  4635,  4641,  4643,  4644,  4645,  4648,  4650,
         4654,  4672,  4675,  4677,  4678,  4681,  4685,  4687,  4690,  4698,
         4708,  4711,  4714,  4717,  4719,  4721,  4723,  4725,  4727,  4728,
         4732,  4739,  4740,  4743,  4745,  4749,  4754,  4755,  4757,  4758,
         4766,  4772,  4776,  4777,  4778,  4779,  4780,  4785,  4790,  4792,
         4798,  4799,  4806,  4807,  4812,  4816,  4817,  4818,  4819,  4829,
         4835,  4836,  4837,  4841,  4843,  4844,  4847,  4853,  4861,  4863,
         4868,  4873,  4875,  4879,  4880,  4886,  4891,  4896,  4900,  4901,
         4902,  4903,  4906,  4909,  4910,  4913,  4918,  4919,  4922,  4923,
         4926,  4935,  4939,  4940,  4949,  4954,  4961,  4968,  4970,  4973,
         4977,  4982,  4985,  4986,  4988,  4995,  4996,  5002,  5003,  5006,
         5009,  5017,  5019,  5022,  5025,  5035,  5038,  5043,  5044,  5058,
         5059,  5061,  5069,  5071,  5072,  5075,  5077,  5086,  5088,  5097,
         5098,  5102,  5107,  5108,  5111,  5112,  5113,  5123,  5127,  5130,
         5138,  5141,  5144,  5145,  5147,  5159,  5166,  5170,  5173,  5177,
         5181,  5182,  5192,  5196,  5197,  5198,  5199,  5200,  5202,  5208,
         5215,  5218,  5219,  5224,  5228,  5232,  5238,  5240,  5247,  5254,
         5261,  5267,  5271,  5284,  5286,  5295,  5297,  5305,  5306,  5315,
         5319,  5320,  5321,  5325,  5327,  5332,  5340,  5341,  5347,  5348,
         5352,  5354,  5357,  5363,  5370,  5373,  5376,  5378,  5379,  5381,
         5382,  5383,  5384,  5385,  5386,  5388,  5390,  5408,  5413,  5415,
         5421,  5425,  5427,  5434,  5435,  5445,  5454,  5457,  5458,  5462,
         5464,  5471,  5477,  5478,  5480,  5483,  5484,  5488,  5500,  5506,
         5509,  5515,  5518,  5523,  5534,  5541,  5542,  5548,  5552,  5556,
         5570,  5571,  5573,  5578,  5588,  5590,  5596,  5599,  5600,  5603,
         5604,  5608,  5609,  5611,  5618,  5625,  5628,  5634,  5636,  5641,
         5644,  5656,  5657,  5658,  5660,  5665,  5672,  5674,  5677,  5678,
         5684,  5696,  5697,  5699,  5700,  5703,  5705,  5708,  5710,  5715,
         5717,  5718,  5722,  5723,  5732,  5737,  5751,  5758,  5760,  5761,
         5766,  5767,  5771,  5778,  5782,  5785,  5789,  5794,  5795,  5796,
         5797,  5800,  5802
Total non-polymorphic = 1471


Population     3 [GEO020414_11_300]  (Number of Individuals = 22)
****************
--------------------------------------------------------------------------
Lowest Allele Frequency Used     0.050       0.020       0.010         0+
--------------------------------------------------------------------------

LINKAGE DISEQUILIBRIUM METHOD

Harmonic Mean Sample Size =       20.3        20.4        20.4        20.4
Independent Comparisons =    4948160     9264332     9264332     9264332
OverAll r^2 =                  0.05739     0.05714     0.05714     0.05714
Expected r^2 Sample =          0.05667     0.05646     0.05646     0.05646
Estimated Ne^ =                  427.3       447.3       447.3       447.3

95% CIs for Ne^
* Parametric                     388.4       415.6       415.6       415.6
                                 474.7       484.1       484.1       484.1

* CIs by Jackknife are skipped when number of polymorphic loci > 100

**************************************************************************

Ending time: Tue Mar 20 09:52:55 2018
-------------------------------------

