Output from NeEstimator v.2
Starting time: Wed Apr 18 13:57:46 2018
Input File: "D:\Pacific cod\DataAnalysis\PCod-Korea-repo\stacks_b8_verif\batch_8_filtbatch_8_verif_juk_nomigrants4-18_NeLD"

Number of Loci = 5804

Non-polymorphic loci:     5,    19,    29,    31,    33,    34,    36,    40,
           57,    61,    62,    68,    74,    82,    86,    95,    96,    97,
          106,   122,   139,   149,   150,   153,   155,   163,   167,   188,
          189,   192,   208,   214,   220,   230,   254,   264,   277,   278,
          280,   283,   311,   313,   316,   319,   350,   355,   359,   362,
          372,   384,   386,   387,   389,   410,   415,   423,   428,   433,
          434,   439,   442,   449,   462,   464,   469,   474,   476,   481,
          525,   529,   533,   544,   549,   556,   561,   567,   570,   571,
          572,   574,   581,   582,   592,   594,   597,   611,   624,   642,
          645,   646,   652,   660,   664,   666,   678,   692,   693,   699,
          704,   707,   708,   711,   715,   720,   723,   726,   735,   738,
          740,   753,   758,   784,   792,   795,   802,   815,   818,   828,
          834,   836,   838,   850,   862,   873,   881,   915,   924,   925,
          928,   932,   942,   944,   955,   965,   967,   987,  1002,  1006,
         1014,  1020,  1022,  1030,  1034,  1035,  1048,  1053,  1054,  1063,
         1070,  1072,  1075,  1076,  1077,  1078,  1080,  1082,  1089,  1094,
         1097,  1119,  1125,  1128,  1129,  1135,  1142,  1149,  1172,  1183,
         1184,  1205,  1208,  1210,  1213,  1220,  1228,  1241,  1245,  1253,
         1259,  1261,  1263,  1264,  1269,  1270,  1271,  1289,  1296,  1301,
         1309,  1333,  1337,  1350,  1358,  1371,  1378,  1387,  1395,  1401,
         1418,  1429,  1433,  1434,  1437,  1443,  1451,  1459,  1463,  1468,
         1469,  1471,  1478,  1489,  1490,  1505,  1507,  1518,  1525,  1542,
         1553,  1568,  1569,  1582,  1585,  1587,  1588,  1590,  1592,  1602,
         1605,  1610,  1621,  1626,  1630,  1644,  1650,  1668,  1671,  1675,
         1678,  1682,  1694,  1695,  1697,  1698,  1701,  1712,  1719,  1727,
         1736,  1756,  1757,  1766,  1773,  1775,  1777,  1784,  1793,  1795,
         1797,  1830,  1838,  1861,  1862,  1869,  1870,  1875,  1883,  1884,
         1890,  1911,  1917,  1920,  1931,  1933,  1938,  1951,  1960,  1963,
         1980,  1981,  1989,  1990,  1993,  1995,  2005,  2013,  2016,  2022,
         2043,  2044,  2056,  2058,  2078,  2079,  2104,  2122,  2124,  2134,
         2140,  2164,  2179,  2186,  2188,  2193,  2205,  2217,  2222,  2229,
         2232,  2235,  2243,  2254,  2259,  2270,  2283,  2286,  2289,  2320,
         2322,  2329,  2364,  2369,  2380,  2414,  2436,  2437,  2439,  2448,
         2469,  2476,  2483,  2516,  2517,  2519,  2524,  2525,  2531,  2535,
         2536,  2537,  2543,  2545,  2554,  2593,  2598,  2601,  2606,  2613,
         2617,  2619,  2629,  2639,  2659,  2670,  2675,  2681,  2684,  2686,
         2688,  2690,  2706,  2719,  2724,  2731,  2738,  2757,  2759,  2765,
         2768,  2774,  2777,  2784,  2797,  2801,  2810,  2827,  2829,  2838,
         2842,  2844,  2847,  2851,  2852,  2869,  2879,  2882,  2886,  2890,
         2893,  2895,  2901,  2904,  2909,  2918,  2931,  2932,  2940,  2945,
         2949,  2960,  2964,  2965,  2971,  2979,  2981,  3028,  3037,  3038,
         3046,  3050,  3065,  3081,  3084,  3086,  3104,  3112,  3115,  3116,
         3122,  3123,  3126,  3130,  3134,  3150,  3151,  3159,  3176,  3182,
         3200,  3213,  3215,  3219,  3227,  3233,  3246,  3247,  3258,  3266,
         3279,  3284,  3286,  3295,  3296,  3311,  3315,  3316,  3324,  3328,
         3331,  3333,  3338,  3341,  3352,  3395,  3400,  3408,  3412,  3413,
         3422,  3427,  3441,  3446,  3468,  3474,  3476,  3477,  3490,  3492,
         3501,  3504,  3506,  3507,  3509,  3514,  3519,  3538,  3539,  3547,
         3552,  3553,  3560,  3583,  3586,  3593,  3595,  3600,  3616,  3628,
         3634,  3635,  3636,  3647,  3658,  3662,  3663,  3676,  3685,  3687,
         3689,  3707,  3714,  3720,  3721,  3726,  3731,  3734,  3736,  3738,
         3740,  3745,  3759,  3773,  3782,  3787,  3802,  3809,  3810,  3835,
         3848,  3856,  3874,  3878,  3882,  3890,  3891,  3894,  3899,  3917,
         3926,  3930,  3932,  3936,  3945,  3959,  3962,  3967,  3972,  3977,
         3990,  3991,  3994,  3995,  4002,  4016,  4019,  4021,  4036,  4037,
         4051,  4055,  4059,  4081,  4082,  4094,  4105,  4125,  4129,  4135,
         4140,  4148,  4155,  4157,  4159,  4191,  4192,  4198,  4202,  4203,
         4233,  4241,  4242,  4243,  4244,  4247,  4251,  4267,  4270,  4281,
         4294,  4299,  4300,  4306,  4309,  4311,  4327,  4334,  4341,  4344,
         4351,  4364,  4373,  4386,  4389,  4392,  4395,  4410,  4411,  4418,
         4425,  4426,  4429,  4444,  4447,  4456,  4460,  4467,  4468,  4476,
         4489,  4495,  4496,  4498,  4500,  4501,  4508,  4513,  4532,  4551,
         4562,  4573,  4577,  4589,  4590,  4609,  4613,  4617,  4626,  4627,
         4655,  4658,  4669,  4671,  4675,  4678,  4698,  4702,  4716,  4717,
         4720,  4727,  4730,  4744,  4746,  4774,  4777,  4778,  4783,  4806,
         4810,  4817,  4818,  4830,  4835,  4850,  4851,  4859,  4861,  4863,
         4866,  4868,  4872,  4891,  4894,  4895,  4896,  4900,  4906,  4914,
         4916,  4922,  4927,  4930,  4949,  4954,  4957,  4961,  4972,  4977,
         4991,  4992,  4998,  4999,  5006,  5017,  5018,  5053,  5054,  5065,
         5077,  5088,  5099,  5107,  5111,  5112,  5118,  5148,  5166,  5178,
         5180,  5182,  5183,  5211,  5213,  5216,  5218,  5220,  5229,  5235,
         5240,  5242,  5243,  5265,  5295,  5297,  5305,  5315,  5320,  5325,
         5328,  5332,  5337,  5341,  5351,  5352,  5357,  5358,  5360,  5372,
         5385,  5394,  5397,  5399,  5415,  5416,  5435,  5451,  5454,  5458,
         5468,  5469,  5494,  5500,  5508,  5526,  5530,  5537,  5551,  5570,
         5573,  5581,  5595,  5603,  5604,  5611,  5632,  5636,  5649,  5653,
         5660,  5665,  5666,  5675,  5689,  5690,  5700,  5715,  5716,  5718,
         5747,  5752,  5759,  5763,  5771,  5784,  5789,  5793
Total non-polymorphic = 776

LD mating model: Random

Population     1 [JUK07_02.1]  (Number of Individuals = 28)
****************
--------------------------------------------------------------------------
Lowest Allele Frequency Used     0.050       0.020       0.010         0+
--------------------------------------------------------------------------

LINKAGE DISEQUILIBRIUM METHOD

Harmonic Mean Sample Size =       25.4        25.2        25.3        25.3
Independent Comparisons =    6787251     9992226    12501162    12501162
OverAll r^2 =                  0.04420     0.04455     0.04435     0.04435
Expected r^2 Sample =          0.04396     0.04426     0.04406     0.04406
Estimated Ne^ =                 1306.2      1078.0      1074.8      1074.8

95% CIs for Ne^
* Parametric                    1088.3       947.9       958.1       958.1
                                1632.1      1249.2      1223.6      1223.6

* CIs by Jackknife are skipped when number of polymorphic loci > 100

**************************************************************************

Ending time: Wed Apr 18 14:00:55 2018
-------------------------------------

