Output from NeEstimator v.2
Starting time: Wed Apr 11 16:58:18 2018
Input File: "D:\Pacific cod\DataAnalysis\PCod-Korea-repo\stacks_b8_verif\batch_8_filtbatch_8_verif_filtered_filteredCR_west_TempNe"

Number of Loci = 5804

Sample [YS_121316_01]
Non-polymorphic loci:    10,    16,    20,    22,    24,    29,    34,    38,
           42,    44,    45,    51,    55,    57,    70,    73,    74,    75,
           80,    89,    91,    97,   108,   112,   132,   143,   155,   158,
          160,   167,   173,   181,   189,   192,   194,   198,   207,   208,
          220,   221,   224,   225,   234,   235,   238,   242,   261,   267,
          271,   273,   274,   275,   280,   283,   284,   285,   297,   300,
          313,   316,   317,   319,   321,   323,   327,   331,   343,   344,
          355,   356,   366,   381,   387,   393,   398,   404,   411,   417,
          424,   428,   437,   439,   440,   441,   442,   443,   449,   462,
          464,   474,   479,   483,   487,   490,   491,   493,   496,   499,
          519,   525,   526,   527,   528,   534,   537,   538,   539,   541,
          543,   563,   572,   577,   582,   584,   587,   593,   595,   599,
          605,   631,   634,   642,   645,   662,   664,   666,   682,   701,
          708,   711,   720,   723,   726,   727,   739,   742,   749,   753,
          769,   772,   776,   784,   788,   792,   799,   803,   816,   825,
          838,   839,   844,   845,   849,   851,   855,   870,   873,   876,
          879,   881,   885,   893,   894,   914,   924,   925,   932,   934,
          935,   938,   941,   942,   944,   955,   959,   965,   971,   979,
          986,   988,   993,   995,  1002,  1006,  1010,  1013,  1015,  1021,
         1024,  1027,  1034,  1036,  1045,  1048,  1052,  1053,  1064,  1068,
         1072,  1073,  1076,  1080,  1082,  1086,  1094,  1097,  1103,  1118,
         1119,  1121,  1128,  1140,  1147,  1149,  1153,  1155,  1158,  1159,
         1160,  1166,  1171,  1182,  1183,  1208,  1214,  1224,  1227,  1236,
         1239,  1241,  1259,  1261,  1273,  1276,  1277,  1278,  1297,  1298,
         1300,  1304,  1306,  1325,  1333,  1337,  1346,  1348,  1349,  1350,
         1357,  1366,  1376,  1385,  1395,  1400,  1401,  1415,  1421,  1441,
         1445,  1459,  1463,  1466,  1468,  1486,  1487,  1500,  1507,  1508,
         1513,  1514,  1518,  1519,  1526,  1528,  1541,  1542,  1543,  1547,
         1550,  1556,  1560,  1563,  1564,  1565,  1567,  1569,  1570,  1573,
         1575,  1585,  1586,  1589,  1590,  1594,  1597,  1604,  1605,  1608,
         1610,  1618,  1624,  1629,  1633,  1639,  1658,  1659,  1663,  1665,
         1669,  1698,  1718,  1719,  1721,  1725,  1729,  1732,  1733,  1735,
         1738,  1751,  1752,  1757,  1765,  1769,  1772,  1774,  1779,  1783,
         1785,  1787,  1794,  1802,  1806,  1808,  1815,  1817,  1827,  1830,
         1833,  1840,  1844,  1854,  1862,  1864,  1865,  1870,  1873,  1875,
         1884,  1888,  1889,  1890,  1896,  1899,  1911,  1928,  1930,  1931,
         1951,  1953,  1959,  1960,  1967,  1968,  1985,  1996,  1999,  2001,
         2004,  2012,  2016,  2020,  2023,  2038,  2039,  2054,  2057,  2066,
         2067,  2070,  2079,  2083,  2097,  2102,  2103,  2110,  2111,  2116,
         2119,  2124,  2125,  2126,  2130,  2131,  2132,  2137,  2140,  2148,
         2154,  2157,  2163,  2164,  2167,  2180,  2184,  2186,  2188,  2190,
         2192,  2196,  2200,  2207,  2212,  2213,  2215,  2222,  2229,  2232,
         2234,  2243,  2247,  2249,  2254,  2259,  2263,  2270,  2271,  2276,
         2281,  2296,  2308,  2330,  2336,  2347,  2355,  2364,  2397,  2400,
         2401,  2409,  2412,  2416,  2418,  2420,  2423,  2424,  2434,  2436,
         2454,  2471,  2473,  2485,  2498,  2500,  2506,  2508,  2524,  2528,
         2538,  2542,  2550,  2554,  2556,  2559,  2567,  2571,  2572,  2576,
         2577,  2583,  2585,  2587,  2606,  2609,  2611,  2613,  2617,  2622,
         2626,  2629,  2647,  2648,  2658,  2659,  2662,  2663,  2667,  2669,
         2681,  2687,  2688,  2700,  2705,  2712,  2719,  2720,  2724,  2725,
         2731,  2746,  2747,  2757,  2762,  2768,  2771,  2775,  2780,  2785,
         2796,  2797,  2808,  2810,  2818,  2824,  2827,  2829,  2834,  2836,
         2838,  2842,  2845,  2847,  2852,  2855,  2858,  2860,  2864,  2877,
         2882,  2888,  2890,  2892,  2896,  2903,  2918,  2923,  2930,  2931,
         2932,  2939,  2941,  2942,  2944,  2946,  2951,  2957,  2960,  2968,
         2975,  2976,  2979,  2987,  3004,  3018,  3021,  3025,  3037,  3040,
         3041,  3049,  3050,  3058,  3070,  3073,  3078,  3090,  3101,  3104,
         3114,  3121,  3123,  3126,  3127,  3142,  3145,  3150,  3163,  3164,
         3172,  3176,  3177,  3185,  3188,  3206,  3207,  3209,  3216,  3218,
         3221,  3227,  3229,  3235,  3241,  3245,  3246,  3253,  3257,  3265,
         3266,  3278,  3287,  3302,  3305,  3306,  3307,  3311,  3315,  3316,
         3323,  3341,  3342,  3346,  3366,  3377,  3412,  3413,  3414,  3420,
         3421,  3422,  3429,  3430,  3441,  3444,  3445,  3453,  3454,  3462,
         3471,  3474,  3475,  3487,  3492,  3495,  3497,  3501,  3504,  3506,
         3517,  3531,  3538,  3546,  3551,  3553,  3560,  3562,  3579,  3586,
         3593,  3598,  3606,  3608,  3614,  3619,  3621,  3622,  3634,  3646,
         3658,  3660,  3662,  3663,  3665,  3672,  3676,  3682,  3685,  3688,
         3690,  3691,  3694,  3701,  3714,  3719,  3728,  3731,  3734,  3735,
         3746,  3748,  3749,  3759,  3782,  3788,  3797,  3802,  3804,  3809,
         3810,  3811,  3815,  3822,  3823,  3828,  3832,  3834,  3854,  3866,
         3884,  3885,  3887,  3889,  3891,  3896,  3899,  3900,  3903,  3909,
         3912,  3916,  3927,  3932,  3936,  3939,  3956,  3958,  3967,  3972,
         3974,  3979,  3980,  3988,  3989,  3995,  3999,  4002,  4006,  4019,
         4021,  4026,  4031,  4034,  4036,  4037,  4043,  4047,  4051,  4064,
         4065,  4069,  4070,  4071,  4078,  4079,  4081,  4086,  4095,  4099,
         4105,  4112,  4121,  4141,  4152,  4157,  4158,  4161,  4163,  4170,
         4173,  4176,  4183,  4191,  4192,  4193,  4198,  4228,  4230,  4233,
         4251,  4252,  4253,  4268,  4271,  4272,  4274,  4281,  4285,  4286,
         4294,  4300,  4303,  4305,  4308,  4311,  4312,  4315,  4317,  4327,
         4328,  4331,  4332,  4334,  4339,  4350,  4367,  4376,  4381,  4386,
         4390,  4393,  4394,  4398,  4412,  4417,  4435,  4437,  4447,  4452,
         4472,  4476,  4491,  4496,  4497,  4507,  4509,  4510,  4512,  4518,
         4520,  4525,  4532,  4538,  4540,  4544,  4545,  4548,  4549,  4554,
         4563,  4568,  4569,  4573,  4579,  4585,  4588,  4589,  4592,  4604,
         4610,  4613,  4616,  4617,  4622,  4624,  4625,  4626,  4627,  4645,
         4670,  4677,  4680,  4681,  4682,  4688,  4690,  4698,  4701,  4702,
         4704,  4705,  4723,  4727,  4740,  4744,  4753,  4757,  4758,  4761,
         4762,  4771,  4772,  4783,  4785,  4798,  4804,  4810,  4814,  4819,
         4827,  4829,  4830,  4836,  4843,  4844,  4851,  4864,  4866,  4875,
         4888,  4892,  4906,  4908,  4914,  4916,  4920,  4926,  4927,  4934,
         4937,  4939,  4952,  4961,  4968,  4969,  4970,  4971,  4975,  4980,
         4983,  4986,  4988,  4989,  4995,  4998,  5002,  5004,  5014,  5023,
         5025,  5029,  5038,  5040,  5043,  5044,  5052,  5056,  5069,  5073,
         5075,  5080,  5099,  5102,  5118,  5132,  5141,  5142,  5146,  5170,
         5175,  5181,  5182,  5183,  5186,  5192,  5196,  5197,  5199,  5202,
         5205,  5213,  5215,  5219,  5225,  5230,  5238,  5261,  5267,  5280,
         5297,  5298,  5305,  5306,  5311,  5313,  5315,  5318,  5319,  5325,
         5326,  5327,  5351,  5354,  5357,  5370,  5373,  5374,  5376,  5378,
         5379,  5381,  5384,  5386,  5387,  5390,  5391,  5395,  5408,  5420,
         5421,  5424,  5425,  5434,  5435,  5441,  5445,  5462,  5468,  5488,
         5494,  5497,  5512,  5515,  5521,  5523,  5542,  5543,  5545,  5548,
         5549,  5570,  5581,  5590,  5599,  5604,  5609,  5611,  5614,  5615,
         5621,  5632,  5633,  5649,  5656,  5658,  5662,  5666,  5672,  5674,
         5696,  5697,  5703,  5705,  5710,  5716,  5718,  5721,  5747,  5753,
         5756,  5761,  5777,  5785,  5794
Total non-polymorphic = 1043

Sample [BOR07_02.1]
Non-polymorphic loci:     5,    16,    20,    26,    29,    31,    34,    36,
           38,    42,    44,    46,    47,    48,    51,    55,    69,    73,
           76,    79,    80,    82,    90,    94,   106,   108,   112,   120,
          123,   131,   133,   147,   152,   160,   161,   165,   180,   182,
          189,   192,   194,   195,   206,   208,   212,   214,   220,   235,
          238,   242,   243,   264,   268,   270,   274,   277,   278,   279,
          283,   284,   285,   294,   297,   300,   312,   313,   316,   317,
          319,   321,   331,   343,   344,   354,   355,   356,   366,   370,
          387,   393,   401,   402,   407,   408,   411,   424,   428,   430,
          431,   439,   441,   442,   449,   453,   469,   474,   481,   483,
          488,   491,   493,   499,   509,   519,   526,   527,   537,   538,
          541,   544,   545,   553,   561,   572,   577,   598,   599,   605,
          606,   631,   634,   645,   648,   654,   660,   670,   681,   682,
          683,   686,   691,   697,   701,   707,   708,   714,   720,   721,
          724,   726,   727,   756,   758,   773,   774,   775,   776,   784,
          792,   799,   816,   818,   822,   825,   833,   845,   873,   876,
          877,   879,   881,   888,   924,   925,   926,   932,   941,   942,
          945,   956,   965,   971,   972,   974,   979,   982,   984,   986,
          988,   993,   995,  1007,  1010,  1015,  1024,  1034,  1037,  1038,
         1043,  1045,  1048,  1056,  1064,  1072,  1076,  1080,  1082,  1090,
         1094,  1097,  1103,  1118,  1120,  1125,  1140,  1149,  1158,  1160,
         1174,  1183,  1184,  1188,  1205,  1208,  1214,  1222,  1227,  1239,
         1241,  1245,  1248,  1253,  1255,  1261,  1275,  1276,  1277,  1289,
         1292,  1294,  1296,  1300,  1325,  1327,  1333,  1334,  1337,  1349,
         1350,  1351,  1353,  1357,  1358,  1366,  1367,  1378,  1385,  1395,
         1400,  1401,  1409,  1415,  1418,  1424,  1425,  1436,  1441,  1443,
         1451,  1459,  1463,  1466,  1476,  1478,  1486,  1487,  1492,  1500,
         1507,  1510,  1514,  1519,  1522,  1523,  1526,  1528,  1541,  1542,
         1547,  1552,  1556,  1560,  1563,  1564,  1567,  1570,  1572,  1575,
         1577,  1585,  1604,  1605,  1608,  1609,  1610,  1618,  1621,  1629,
         1633,  1636,  1638,  1653,  1659,  1665,  1678,  1684,  1689,  1694,
         1697,  1698,  1701,  1702,  1705,  1710,  1711,  1718,  1719,  1725,
         1729,  1732,  1733,  1737,  1738,  1743,  1745,  1750,  1751,  1756,
         1764,  1765,  1770,  1772,  1774,  1787,  1794,  1801,  1808,  1819,
         1830,  1833,  1851,  1853,  1862,  1864,  1865,  1866,  1868,  1873,
         1875,  1883,  1884,  1917,  1925,  1928,  1933,  1937,  1948,  1949,
         1953,  1967,  1968,  1982,  1984,  1985,  1995,  1996,  2001,  2004,
         2009,  2012,  2016,  2017,  2020,  2022,  2037,  2038,  2044,  2052,
         2065,  2070,  2079,  2083,  2101,  2102,  2111,  2116,  2119,  2125,
         2140,  2141,  2148,  2154,  2157,  2159,  2164,  2167,  2175,  2180,
         2184,  2186,  2190,  2192,  2193,  2196,  2222,  2229,  2232,  2239,
         2254,  2267,  2270,  2271,  2283,  2290,  2301,  2303,  2308,  2320,
         2322,  2325,  2330,  2334,  2336,  2340,  2347,  2354,  2360,  2364,
         2369,  2372,  2373,  2382,  2398,  2400,  2410,  2416,  2418,  2420,
         2423,  2424,  2434,  2437,  2445,  2456,  2461,  2468,  2471,  2472,
         2476,  2483,  2497,  2500,  2506,  2508,  2524,  2528,  2536,  2545,
         2556,  2559,  2562,  2567,  2569,  2571,  2572,  2576,  2581,  2592,
         2606,  2613,  2617,  2620,  2622,  2629,  2639,  2647,  2658,  2669,
         2672,  2676,  2681,  2682,  2688,  2689,  2700,  2712,  2722,  2725,
         2727,  2731,  2737,  2746,  2756,  2762,  2765,  2771,  2774,  2775,
         2777,  2790,  2796,  2797,  2803,  2810,  2818,  2824,  2826,  2829,
         2834,  2836,  2838,  2841,  2842,  2852,  2872,  2877,  2886,  2888,
         2889,  2890,  2896,  2905,  2909,  2913,  2921,  2923,  2925,  2930,
         2932,  2939,  2941,  2945,  2946,  2951,  2957,  2963,  2964,  2967,
         2968,  2972,  2973,  2975,  2976,  2979,  3000,  3003,  3004,  3007,
         3021,  3029,  3037,  3040,  3058,  3059,  3070,  3073,  3081,  3084,
         3101,  3104,  3112,  3114,  3116,  3121,  3122,  3123,  3126,  3135,
         3137,  3138,  3145,  3150,  3152,  3155,  3159,  3171,  3174,  3176,
         3187,  3196,  3200,  3203,  3215,  3216,  3218,  3221,  3226,  3227,
         3229,  3231,  3235,  3245,  3246,  3247,  3253,  3264,  3265,  3286,
         3287,  3296,  3305,  3306,  3311,  3314,  3315,  3317,  3323,  3338,
         3339,  3340,  3342,  3354,  3355,  3362,  3366,  3377,  3389,  3391,
         3408,  3413,  3420,  3421,  3422,  3429,  3432,  3438,  3454,  3456,
         3462,  3471,  3474,  3475,  3487,  3491,  3495,  3497,  3501,  3504,
         3505,  3506,  3511,  3536,  3538,  3544,  3546,  3551,  3561,  3576,
         3579,  3583,  3586,  3593,  3598,  3602,  3603,  3606,  3614,  3617,
         3619,  3623,  3625,  3632,  3634,  3635,  3636,  3647,  3653,  3658,
         3659,  3662,  3663,  3676,  3691,  3701,  3711,  3714,  3718,  3719,
         3734,  3745,  3751,  3759,  3768,  3773,  3782,  3797,  3801,  3802,
         3804,  3811,  3815,  3816,  3822,  3828,  3832,  3833,  3839,  3844,
         3845,  3885,  3887,  3896,  3899,  3912,  3932,  3936,  3937,  3961,
         3962,  3973,  3974,  3979,  3980,  3993,  3999,  4002,  4006,  4011,
         4019,  4026,  4028,  4029,  4031,  4034,  4036,  4037,  4047,  4050,
         4051,  4059,  4063,  4064,  4071,  4078,  4080,  4081,  4089,  4112,
         4121,  4134,  4140,  4144,  4161,  4162,  4172,  4173,  4174,  4182,
         4184,  4192,  4193,  4199,  4209,  4211,  4230,  4233,  4240,  4242,
         4245,  4253,  4268,  4271,  4272,  4286,  4294,  4299,  4312,  4317,
         4321,  4327,  4332,  4333,  4339,  4341,  4342,  4344,  4346,  4351,
         4365,  4368,  4373,  4381,  4385,  4386,  4392,  4398,  4399,  4402,
         4404,  4411,  4417,  4418,  4434,  4435,  4447,  4451,  4452,  4459,
         4478,  4481,  4485,  4493,  4496,  4497,  4503,  4510,  4511,  4518,
         4520,  4530,  4532,  4537,  4538,  4540,  4544,  4545,  4547,  4548,
         4549,  4568,  4573,  4580,  4585,  4589,  4600,  4604,  4607,  4613,
         4616,  4617,  4620,  4622,  4624,  4625,  4626,  4645,  4672,  4675,
         4677,  4680,  4681,  4682,  4690,  4701,  4702,  4705,  4714,  4716,
         4717,  4730,  4745,  4753,  4757,  4758,  4761,  4762,  4772,  4774,
         4777,  4783,  4785,  4798,  4805,  4808,  4810,  4812,  4823,  4826,
         4829,  4837,  4841,  4843,  4844,  4851,  4856,  4864,  4875,  4880,
         4892,  4894,  4900,  4901,  4906,  4908,  4912,  4913,  4914,  4916,
         4918,  4920,  4927,  4939,  4946,  4950,  4952,  4961,  4968,  4970,
         4971,  4973,  4975,  4980,  4983,  4988,  4991,  4996,  4998,  4999,
         5002,  5004,  5005,  5009,  5015,  5043,  5044,  5052,  5053,  5056,
         5057,  5061,  5069,  5073,  5099,  5102,  5127,  5138,  5141,  5148,
         5151,  5153,  5162,  5171,  5177,  5181,  5183,  5192,  5196,  5197,
         5202,  5205,  5215,  5219,  5228,  5229,  5231,  5232,  5241,  5242,
         5265,  5273,  5298,  5305,  5311,  5318,  5326,  5333,  5341,  5349,
         5351,  5353,  5354,  5357,  5359,  5374,  5376,  5378,  5381,  5384,
         5385,  5386,  5388,  5390,  5391,  5395,  5399,  5408,  5418,  5419,
         5420,  5421,  5424,  5434,  5438,  5458,  5462,  5468,  5477,  5480,
         5488,  5494,  5495,  5496,  5512,  5515,  5523,  5525,  5532,  5545,
         5548,  5549,  5557,  5568,  5570,  5571,  5577,  5578,  5581,  5590,
         5594,  5595,  5599,  5604,  5608,  5610,  5611,  5621,  5630,  5633,
         5634,  5644,  5649,  5658,  5662,  5665,  5666,  5672,  5675,  5677,
         5690,  5700,  5703,  5710,  5717,  5721,  5723,  5750,  5756,  5758,
         5761,  5767,  5778,  5789,  5797,  5798
Total non-polymorphic = 1044


Population: YS_121316_01/BOR07_02.1,	2 Samples,	Sample Sizes: 25/21

TEMPORAL METHODS (Pollak, Nei/Tajima, Jorde/Ryman), Plan II.
--------------------------------------------------------------------------
Lowest Allele Frequency Used     0.050       0.020       0.010         0+
==========================================================================
Samples  1[1316_01] & 2[07_02.1]
Generations     1.0 & 6.0    

   Independent Alleles =        3610        4792        5237        5237
   -----------------------------------------------------------------------
  (Pollak)
   Harmonic Mean Samp Size =      22.2        22.2        22.2        22.2
                 Fk =          0.05098     0.05265     0.05205     0.05205
                 F' =          0.00611     0.00777     0.00716     0.00716
               * Ne =            409.0       321.6       349.0       349.0

     95% CIs for Ne:
     * Parametric                296.0       253.9       274.3       274.3
                                 669.1       444.2       488.0       488.0
     * Jackknife on Loci         296.5       257.8       280.4       280.4
                                 634.1       420.1       455.1       455.1
   -----------------------------------------------------------------------
  (Nei/Tajima)
   Harmonic Mean Samp Size =      22.2        22.2        22.2        22.2
                 Fc =          0.04942     0.05114     0.05063     0.05063
                 F' =          0.00445     0.00616     0.00564     0.00564
               * Ne =            562.1       405.6       442.9       442.9

     95% CIs for Ne:
     * Parametric                367.1       302.1       327.2       327.2
                                1113.5       598.5       664.9       664.9
     * Jackknife on Loci         377.2       313.3       342.3       342.3
                                1039.9       563.0       615.2       615.2
   -----------------------------------------------------------------------
  (Jorde/Ryman)
   Harmonic Mean Samp Size =      22.2        22.2        22.2        22.2
                 Fs =          0.04997     0.05064     0.05060     0.05060
                 F' =          0.00450     0.00515     0.00510     0.00510
               * Ne =            556.0       485.0       490.1       490.1

     95% CIs for Ne:
     * Parametric                530.7       465.8       471.5       471.5
                                 582.0       504.6       509.0       509.0
     * Jackknife on Loci         355.0       331.7       335.0       335.0
                                1281.5       901.9       912.3       912.3
==========================================================================

Ending time: Wed Apr 11 16:58:19 2018
-------------------------------------

