Output from NeEstimator v.2
Starting time: Thu Apr 12 15:10:31 2018
Input File: "D:\Pacific cod\DataAnalysis\PCod-Korea-repo\stacks_b8_verif\batch_8_filtbatch_8_verif_south_no15_Ne_temp"

Number of Loci = 5804

Sample [JB121807_01]
Non-polymorphic loci:     5,    10,    33,    38,    40,    44,    45,    46,
           55,    56,    57,    68,    74,    90,    95,    96,   102,   110,
          112,   117,   122,   127,   132,   150,   152,   164,   187,   195,
          206,   215,   225,   235,   237,   242,   246,   264,   285,   288,
          291,   292,   300,   319,   321,   323,   331,   345,   350,   354,
          356,   359,   362,   366,   372,   386,   395,   399,   417,   422,
          431,   433,   449,   483,   487,   493,   494,   498,   506,   518,
          520,   529,   533,   549,   550,   555,   556,   557,   560,   562,
          582,   587,   598,   599,   602,   606,   624,   636,   642,   647,
          648,   672,   674,   682,   683,   697,   707,   715,   723,   734,
          741,   758,   759,   760,   774,   782,   783,   805,   818,   828,
          834,   836,   850,   856,   859,   862,   870,   876,   881,   887,
          888,   893,   910,   916,   923,   928,   934,   938,   941,   956,
          957,   960,   967,   968,   972,   981,   982,   987,   988,  1002,
         1008,  1011,  1013,  1017,  1020,  1022,  1027,  1036,  1052,  1075,
         1078,  1093,  1096,  1101,  1103,  1118,  1119,  1122,  1128,  1129,
         1135,  1143,  1154,  1160,  1169,  1172,  1188,  1199,  1205,  1207,
         1213,  1221,  1228,  1245,  1251,  1252,  1253,  1259,  1260,  1263,
         1269,  1270,  1296,  1298,  1303,  1308,  1322,  1323,  1340,  1351,
         1355,  1357,  1360,  1363,  1365,  1368,  1371,  1375,  1378,  1389,
         1393,  1400,  1415,  1421,  1425,  1437,  1442,  1459,  1466,  1468,
         1469,  1476,  1481,  1484,  1486,  1490,  1498,  1503,  1505,  1508,
         1510,  1518,  1543,  1564,  1585,  1586,  1592,  1593,  1600,  1608,
         1623,  1624,  1626,  1629,  1631,  1633,  1634,  1636,  1637,  1640,
         1651,  1664,  1666,  1671,  1682,  1689,  1691,  1694,  1695,  1700,
         1718,  1727,  1732,  1746,  1751,  1757,  1762,  1774,  1776,  1784,
         1795,  1802,  1805,  1829,  1833,  1838,  1841,  1844,  1861,  1866,
         1873,  1883,  1893,  1897,  1906,  1911,  1918,  1920,  1931,  1933,
         1937,  1938,  1953,  1955,  1963,  1967,  1982,  1985,  1993,  1996,
         2005,  2016,  2034,  2044,  2052,  2097,  2101,  2103,  2104,  2111,
         2113,  2116,  2123,  2126,  2145,  2154,  2167,  2177,  2190,  2193,
         2195,  2208,  2221,  2235,  2243,  2249,  2260,  2263,  2279,  2283,
         2286,  2290,  2294,  2308,  2316,  2320,  2325,  2336,  2339,  2340,
         2345,  2366,  2373,  2377,  2380,  2396,  2398,  2409,  2427,  2436,
         2440,  2452,  2453,  2454,  2459,  2460,  2461,  2471,  2476,  2483,
         2487,  2490,  2497,  2508,  2518,  2535,  2537,  2545,  2554,  2572,
         2573,  2575,  2581,  2583,  2594,  2600,  2611,  2622,  2632,  2634,
         2647,  2649,  2650,  2667,  2672,  2687,  2695,  2698,  2700,  2705,
         2706,  2708,  2711,  2720,  2725,  2730,  2731,  2742,  2748,  2762,
         2777,  2780,  2784,  2796,  2799,  2800,  2816,  2817,  2818,  2841,
         2859,  2861,  2862,  2866,  2869,  2872,  2877,  2879,  2881,  2882,
         2886,  2888,  2896,  2909,  2940,  2944,  2946,  2949,  2957,  2961,
         2962,  2964,  2965,  2968,  2973,  2979,  2985,  3003,  3004,  3018,
         3029,  3034,  3041,  3046,  3059,  3065,  3084,  3090,  3101,  3112,
         3114,  3121,  3141,  3150,  3151,  3159,  3174,  3185,  3193,  3196,
         3206,  3209,  3213,  3226,  3228,  3241,  3245,  3247,  3250,  3257,
         3264,  3276,  3277,  3286,  3290,  3295,  3299,  3316,  3318,  3322,
         3328,  3335,  3342,  3356,  3366,  3376,  3395,  3397,  3400,  3405,
         3412,  3420,  3432,  3436,  3438,  3441,  3446,  3455,  3462,  3471,
         3475,  3477,  3480,  3487,  3497,  3500,  3505,  3509,  3514,  3520,
         3527,  3535,  3547,  3551,  3583,  3599,  3600,  3602,  3617,  3618,
         3621,  3625,  3646,  3656,  3668,  3684,  3686,  3689,  3694,  3695,
         3707,  3718,  3730,  3752,  3753,  3761,  3762,  3764,  3784,  3786,
         3797,  3804,  3809,  3815,  3816,  3820,  3824,  3832,  3838,  3844,
         3849,  3852,  3873,  3878,  3879,  3912,  3930,  3941,  3942,  3945,
         3952,  3973,  3977,  3980,  3990,  3993,  4013,  4017,  4021,  4059,
         4060,  4062,  4070,  4071,  4072,  4077,  4088,  4098,  4104,  4109,
         4112,  4117,  4125,  4137,  4140,  4146,  4147,  4150,  4161,  4162,
         4163,  4172,  4176,  4181,  4185,  4191,  4241,  4242,  4247,  4251,
         4263,  4267,  4268,  4279,  4289,  4293,  4308,  4313,  4314,  4326,
         4335,  4338,  4344,  4359,  4367,  4373,  4374,  4385,  4389,  4392,
         4396,  4397,  4398,  4401,  4405,  4412,  4429,  4439,  4444,  4452,
         4459,  4460,  4477,  4489,  4490,  4498,  4500,  4502,  4503,  4505,
         4507,  4508,  4511,  4530,  4538,  4540,  4545,  4562,  4570,  4575,
         4580,  4585,  4588,  4590,  4604,  4611,  4625,  4627,  4632,  4635,
         4641,  4643,  4645,  4648,  4650,  4654,  4675,  4677,  4681,  4687,
         4690,  4719,  4721,  4723,  4727,  4740,  4745,  4749,  4754,  4755,
         4766,  4772,  4776,  4778,  4785,  4798,  4805,  4807,  4817,  4818,
         4819,  4841,  4843,  4844,  4846,  4847,  4861,  4863,  4866,  4868,
         4875,  4879,  4880,  4896,  4901,  4902,  4903,  4906,  4910,  4922,
         4923,  4926,  4937,  4940,  4949,  4954,  4973,  4977,  4988,  4989,
         5003,  5006,  5017,  5022,  5032,  5038,  5044,  5061,  5071,  5086,
         5088,  5090,  5095,  5102,  5107,  5108,  5112,  5113,  5127,  5130,
         5138,  5144,  5151,  5198,  5199,  5202,  5211,  5215,  5224,  5228,
         5229,  5232,  5238,  5254,  5261,  5267,  5271,  5286,  5319,  5321,
         5332,  5340,  5341,  5376,  5378,  5381,  5383,  5385,  5386,  5388,
         5390,  5415,  5427,  5435,  5445,  5454,  5458,  5464,  5476,  5480,
         5500,  5509,  5511,  5531,  5534,  5542,  5548,  5578,  5588,  5599,
         5600,  5604,  5608,  5609,  5628,  5636,  5656,  5660,  5665,  5677,
         5697,  5703,  5715,  5722,  5723,  5760,  5785,  5789,  5795,  5797,
         5800
Total non-polymorphic = 799

Sample [PO010715_02]
Non-polymorphic loci:    10,    33,    38,    44,    46,    55,    56,    74,
           76,    96,   108,   112,   123,   127,   133,   150,   152,   165,
          195,   201,   206,   215,   217,   225,   242,   246,   265,   270,
          285,   291,   292,   300,   321,   326,   327,   331,   350,   356,
          359,   366,   386,   417,   422,   424,   431,   440,   483,   498,
          529,   533,   549,   555,   557,   563,   567,   582,   592,   598,
          599,   606,   624,   642,   647,   651,   674,   682,   696,   701,
          732,   734,   773,   774,   776,   805,   818,   834,   838,   845,
          856,   859,   870,   876,   881,   888,   893,   928,   934,   941,
          968,   971,   972,   974,   987,   988,  1008,  1011,  1017,  1020,
         1027,  1036,  1043,  1052,  1074,  1093,  1096,  1101,  1103,  1118,
         1121,  1122,  1142,  1143,  1160,  1169,  1182,  1188,  1205,  1239,
         1245,  1253,  1254,  1269,  1270,  1298,  1303,  1315,  1318,  1323,
         1346,  1348,  1355,  1357,  1378,  1393,  1400,  1415,  1421,  1424,
         1425,  1427,  1428,  1454,  1466,  1468,  1469,  1476,  1486,  1503,
         1505,  1508,  1510,  1513,  1514,  1518,  1519,  1531,  1545,  1563,
         1564,  1586,  1593,  1600,  1618,  1624,  1628,  1629,  1631,  1633,
         1636,  1637,  1638,  1640,  1651,  1654,  1664,  1671,  1694,  1702,
         1712,  1718,  1727,  1733,  1741,  1743,  1745,  1748,  1751,  1757,
         1774,  1793,  1800,  1829,  1833,  1838,  1840,  1844,  1848,  1866,
         1873,  1883,  1897,  1911,  1920,  1938,  1948,  1956,  1959,  1963,
         1967,  1982,  1990,  1998,  2005,  2022,  2037,  2039,  2044,  2046,
         2052,  2078,  2101,  2102,  2110,  2113,  2122,  2123,  2131,  2154,
         2164,  2167,  2184,  2190,  2193,  2195,  2200,  2211,  2213,  2215,
         2235,  2243,  2260,  2273,  2286,  2294,  2308,  2330,  2336,  2339,
         2366,  2373,  2377,  2396,  2398,  2409,  2416,  2436,  2439,  2448,
         2452,  2461,  2468,  2472,  2476,  2483,  2484,  2508,  2514,  2516,
         2517,  2528,  2535,  2545,  2555,  2559,  2571,  2575,  2576,  2581,
         2582,  2583,  2600,  2609,  2611,  2622,  2632,  2642,  2647,  2656,
         2662,  2667,  2669,  2686,  2687,  2695,  2700,  2705,  2708,  2719,
         2720,  2744,  2757,  2762,  2777,  2780,  2796,  2797,  2799,  2800,
         2801,  2817,  2818,  2841,  2849,  2855,  2861,  2862,  2866,  2886,
         2888,  2893,  2901,  2909,  2940,  2941,  2942,  2946,  2949,  2957,
         2964,  2968,  2973,  2981,  3004,  3007,  3017,  3019,  3029,  3034,
         3059,  3065,  3070,  3078,  3084,  3101,  3114,  3137,  3138,  3141,
         3159,  3160,  3174,  3181,  3185,  3196,  3200,  3213,  3216,  3226,
         3228,  3241,  3245,  3249,  3253,  3264,  3276,  3278,  3287,  3290,
         3299,  3316,  3333,  3339,  3342,  3356,  3366,  3394,  3405,  3407,
         3427,  3441,  3443,  3454,  3462,  3475,  3477,  3484,  3485,  3487,
         3490,  3497,  3500,  3505,  3534,  3536,  3595,  3599,  3600,  3602,
         3617,  3618,  3625,  3629,  3646,  3672,  3684,  3688,  3695,  3707,
         3712,  3719,  3721,  3723,  3745,  3764,  3782,  3787,  3796,  3797,
         3804,  3809,  3815,  3820,  3828,  3858,  3873,  3878,  3882,  3942,
         3943,  3959,  3973,  3977,  3979,  3980,  3989,  3990,  4003,  4006,
         4029,  4042,  4062,  4063,  4070,  4071,  4089,  4105,  4109,  4112,
         4117,  4140,  4146,  4147,  4149,  4150,  4162,  4163,  4172,  4176,
         4181,  4185,  4233,  4237,  4241,  4243,  4247,  4251,  4267,  4268,
         4275,  4285,  4289,  4293,  4299,  4314,  4326,  4364,  4367,  4373,
         4385,  4394,  4397,  4401,  4405,  4429,  4444,  4452,  4459,  4460,
         4477,  4489,  4490,  4495,  4505,  4507,  4526,  4529,  4537,  4545,
         4554,  4562,  4570,  4575,  4588,  4602,  4604,  4632,  4635,  4648,
         4675,  4677,  4681,  4687,  4690,  4701,  4719,  4721,  4723,  4740,
         4749,  4755,  4757,  4766,  4772,  4785,  4798,  4805,  4807,  4808,
         4818,  4819,  4820,  4823,  4841,  4844,  4846,  4863,  4866,  4879,
         4891,  4896,  4913,  4918,  4923,  4926,  4937,  4940,  4954,  4968,
         4972,  4973,  4985,  4988,  5003,  5006,  5014,  5031,  5038,  5044,
         5086,  5088,  5090,  5095,  5108,  5113,  5138,  5142,  5197,  5202,
         5215,  5228,  5238,  5240,  5254,  5271,  5297,  5306,  5315,  5319,
         5321,  5337,  5349,  5376,  5378,  5381,  5385,  5388,  5397,  5419,
         5425,  5434,  5435,  5445,  5457,  5462,  5476,  5485,  5506,  5515,
         5523,  5541,  5542,  5548,  5578,  5588,  5590,  5596,  5609,  5658,
         5660,  5677,  5703,  5710,  5722,  5723,  5760,  5789,  5797,  5802
Total non-polymorphic = 618


Population: JB121807_01/PO010715_02,	2 Samples,	Sample Sizes: 73/70

TEMPORAL METHODS (Pollak, Nei/Tajima, Jorde/Ryman), Plan II.
--------------------------------------------------------------------------
Lowest Allele Frequency Used     0.050       0.020       0.010         0+
==========================================================================
Samples  1[1807_01] & 2[0715_02]
Generations     1.0 & 2.0    

   Independent Alleles =        3348        4350        4829        5408
   -----------------------------------------------------------------------
  (Pollak)
   Harmonic Mean Samp Size =      69.2        69.3        69.3        69.3
                 Fk =          0.01669     0.01686     0.01718     0.01700
                 F' =          0.00229     0.00247     0.00279     0.00261
               * Ne =            218.4       202.5       179.2       191.3

     95% CIs for Ne:
     * Parametric                162.7       158.4       144.8       154.8
                                 339.7       287.7       240.3       256.9
     * Jackknife on Loci         158.5       155.8       143.6       154.5
                                 336.2       281.5       233.8       247.0
   -----------------------------------------------------------------------
  (Nei/Tajima)
   Harmonic Mean Samp Size =      69.2        69.3        69.3        69.3
                 Fc =          0.01663     0.01677     0.01707     0.01691
                 F' =          0.00218     0.00233     0.00264     0.00247
               * Ne =            229.2       214.3       189.4       202.4

     95% CIs for Ne:
     * Parametric                166.3       163.4       149.6       159.9
                                 354.0       303.1       252.8       270.1
     * Jackknife on Loci         164.6       163.3       150.5       162.0
                                 360.9       303.5       250.6       264.8
   -----------------------------------------------------------------------
  (Jorde/Ryman)
   Harmonic Mean Samp Size =      69.2        69.3        69.3        69.3
                 Fs =          0.01667     0.01667     0.01671     0.01671
                 F' =          0.00217     0.00219     0.00223     0.00222
               * Ne =            230.5       228.8       224.7       225.1

     95% CIs for Ne:
     * Parametric                219.6       219.3       215.8       216.7
                                 241.7       238.5       233.7       233.6
     * Jackknife on Loci         159.6       161.8       160.3       160.8
                                 414.7       390.4       375.5       375.2
==========================================================================

Ending time: Thu Apr 12 15:10:33 2018
-------------------------------------

