Output from NeEstimator v.2
Starting time: Mon Mar 19 15:54:12 2018
Input File: "D:\Pacific cod\DataAnalysis\PCod-Korea-repo\stacks_b8_verif\batch_8_filtbatch_8_verif_byreg_Ne_LD"

Number of Loci = 5804

Non-polymorphic loci:    10,    33,    38,    44,    46,    55,    56,   112,
          127,   150,   152,   195,   206,   215,   225,   242,   246,   285,
          291,   292,   300,   321,   331,   350,   356,   366,   386,   417,
          422,   483,   498,   529,   533,   549,   555,   557,   582,   599,
          606,   624,   642,   647,   674,   682,   734,   774,   805,   818,
          834,   856,   859,   870,   876,   888,   893,   928,   934,   941,
          968,   972,   987,   988,  1008,  1011,  1017,  1027,  1036,  1093,
         1096,  1101,  1103,  1118,  1122,  1143,  1160,  1169,  1188,  1205,
         1245,  1253,  1269,  1270,  1298,  1303,  1323,  1355,  1357,  1378,
         1393,  1400,  1415,  1421,  1425,  1466,  1469,  1476,  1486,  1503,
         1505,  1510,  1518,  1564,  1586,  1593,  1600,  1624,  1631,  1633,
         1636,  1637,  1640,  1664,  1671,  1694,  1718,  1751,  1757,  1774,
         1829,  1833,  1838,  1844,  1866,  1873,  1883,  1897,  1911,  1920,
         1963,  1967,  1982,  2005,  2052,  2101,  2113,  2190,  2193,  2195,
         2235,  2243,  2260,  2286,  2294,  2308,  2336,  2339,  2366,  2373,
         2377,  2396,  2398,  2409,  2436,  2452,  2461,  2476,  2508,  2535,
         2545,  2575,  2581,  2583,  2600,  2647,  2667,  2687,  2700,  2705,
         2708,  2720,  2762,  2777,  2780,  2796,  2800,  2817,  2818,  2841,
         2861,  2862,  2866,  2886,  2888,  2940,  2946,  2949,  2957,  2964,
         2968,  2973,  3004,  3029,  3034,  3059,  3065,  3084,  3101,  3114,
         3141,  3159,  3174,  3185,  3196,  3213,  3226,  3245,  3264,  3276,
         3299,  3316,  3342,  3356,  3366,  3405,  3441,  3462,  3475,  3487,
         3497,  3500,  3505,  3599,  3600,  3602,  3617,  3618,  3625,  3646,
         3707,  3764,  3797,  3804,  3809,  3815,  3820,  3873,  3878,  3942,
         3973,  3977,  3980,  3990,  4062,  4070,  4109,  4112,  4140,  4146,
         4147,  4163,  4176,  4181,  4185,  4241,  4247,  4251,  4267,  4268,
         4289,  4293,  4314,  4326,  4367,  4373,  4397,  4401,  4405,  4429,
         4444,  4452,  4459,  4460,  4477,  4489,  4490,  4505,  4507,  4545,
         4562,  4570,  4575,  4588,  4604,  4632,  4635,  4648,  4675,  4677,
         4681,  4687,  4690,  4719,  4721,  4723,  4740,  4749,  4755,  4766,
         4772,  4785,  4798,  4807,  4818,  4819,  4841,  4844,  4863,  4879,
         4896,  4923,  4926,  4940,  4954,  4973,  4988,  5003,  5006,  5038,
         5044,  5086,  5088,  5108,  5113,  5138,  5202,  5215,  5228,  5238,
         5254,  5271,  5319,  5321,  5376,  5378,  5381,  5385,  5388,  5435,
         5445,  5542,  5548,  5578,  5588,  5609,  5660,  5677,  5703,  5722,
         5723,  5760,  5789,  5797
Total non-polymorphic = 352

LD mating model: Random

Population     1 [PO010715_02]  (Number of Individuals = 165)
****************
--------------------------------------------------------------------------
Lowest Allele Frequency Used     0.050       0.020       0.010         0+
--------------------------------------------------------------------------

LINKAGE DISEQUILIBRIUM METHOD

Harmonic Mean Sample Size =      155.2       155.3       155.2       155.3
Independent Comparisons =    5547961     9393400    11240492    14824431
OverAll r^2 =                  0.00700     0.00692     0.00693     0.00724
Expected r^2 Sample =          0.00654     0.00654     0.00654     0.00654
Estimated Ne^ =                  728.2       865.9       862.8       472.5

95% CIs for Ne^
* Parametric                     715.3       851.9       850.2       469.0
                                 741.6       880.2       875.9       476.0

* CIs by Jackknife are skipped when number of polymorphic loci > 100

**************************************************************************

Time: Mon Mar 19 16:09:27 2018

Non-polymorphic loci:    16,    20,    29,    34,    38,    42,    44,    51,
           55,    73,    80,   108,   112,   160,   189,   192,   194,   208,
          220,   235,   238,   242,   274,   283,   284,   285,   297,   300,
          313,   316,   317,   319,   321,   331,   343,   344,   355,   356,
          366,   387,   393,   411,   424,   428,   439,   441,   442,   449,
          474,   483,   491,   493,   499,   519,   526,   527,   537,   538,
          541,   572,   577,   599,   605,   631,   634,   645,   682,   701,
          708,   720,   726,   727,   776,   784,   792,   799,   816,   825,
          845,   873,   876,   879,   881,   924,   925,   932,   941,   942,
          965,   971,   979,   986,   988,   993,   995,  1010,  1015,  1024,
         1034,  1045,  1048,  1064,  1072,  1076,  1080,  1082,  1094,  1097,
         1103,  1118,  1140,  1149,  1158,  1160,  1183,  1208,  1214,  1227,
         1239,  1241,  1261,  1276,  1277,  1300,  1325,  1333,  1337,  1349,
         1350,  1357,  1366,  1385,  1395,  1400,  1401,  1415,  1441,  1459,
         1463,  1466,  1486,  1487,  1500,  1507,  1514,  1519,  1526,  1528,
         1541,  1542,  1547,  1556,  1560,  1563,  1564,  1567,  1570,  1575,
         1585,  1604,  1605,  1608,  1610,  1618,  1629,  1633,  1659,  1665,
         1698,  1718,  1719,  1725,  1729,  1732,  1733,  1738,  1751,  1765,
         1772,  1774,  1787,  1794,  1808,  1830,  1833,  1862,  1864,  1865,
         1873,  1875,  1884,  1928,  1953,  1967,  1968,  1985,  1996,  2001,
         2004,  2012,  2016,  2020,  2038,  2070,  2079,  2083,  2102,  2111,
         2116,  2119,  2125,  2140,  2148,  2154,  2157,  2164,  2167,  2180,
         2184,  2186,  2190,  2192,  2196,  2222,  2229,  2232,  2254,  2270,
         2271,  2308,  2330,  2336,  2347,  2364,  2400,  2416,  2418,  2420,
         2423,  2424,  2434,  2471,  2500,  2506,  2508,  2524,  2528,  2556,
         2559,  2567,  2571,  2572,  2576,  2606,  2613,  2617,  2622,  2629,
         2647,  2658,  2669,  2681,  2688,  2700,  2712,  2725,  2731,  2746,
         2762,  2771,  2775,  2796,  2797,  2810,  2818,  2824,  2829,  2834,
         2836,  2838,  2842,  2852,  2877,  2888,  2890,  2896,  2923,  2930,
         2932,  2939,  2941,  2946,  2951,  2957,  2968,  2975,  2976,  2979,
         3004,  3021,  3037,  3040,  3058,  3070,  3073,  3101,  3104,  3114,
         3121,  3123,  3126,  3145,  3150,  3176,  3216,  3218,  3221,  3227,
         3229,  3235,  3245,  3246,  3253,  3265,  3287,  3305,  3306,  3311,
         3315,  3323,  3342,  3366,  3377,  3413,  3420,  3421,  3422,  3429,
         3454,  3462,  3471,  3474,  3475,  3487,  3495,  3497,  3501,  3504,
         3506,  3538,  3546,  3551,  3579,  3586,  3593,  3598,  3606,  3614,
         3619,  3634,  3658,  3662,  3663,  3676,  3691,  3701,  3714,  3719,
         3734,  3759,  3782,  3797,  3802,  3804,  3811,  3815,  3822,  3828,
         3832,  3885,  3887,  3896,  3899,  3912,  3932,  3936,  3974,  3979,
         3980,  3999,  4002,  4006,  4019,  4026,  4031,  4034,  4036,  4037,
         4047,  4051,  4064,  4071,  4078,  4081,  4112,  4121,  4161,  4173,
         4192,  4193,  4230,  4233,  4253,  4268,  4271,  4272,  4286,  4294,
         4312,  4317,  4327,  4332,  4339,  4381,  4386,  4398,  4417,  4435,
         4447,  4452,  4496,  4497,  4510,  4518,  4520,  4532,  4538,  4540,
         4544,  4545,  4548,  4549,  4568,  4573,  4585,  4589,  4604,  4613,
         4616,  4617,  4622,  4624,  4625,  4626,  4645,  4677,  4680,  4681,
         4682,  4690,  4701,  4702,  4705,  4753,  4757,  4758,  4761,  4762,
         4772,  4783,  4785,  4798,  4810,  4829,  4843,  4844,  4851,  4864,
         4875,  4892,  4906,  4908,  4914,  4916,  4920,  4927,  4939,  4952,
         4961,  4968,  4970,  4971,  4975,  4980,  4983,  4988,  4998,  5002,
         5004,  5043,  5044,  5052,  5056,  5069,  5073,  5099,  5102,  5141,
         5181,  5183,  5192,  5196,  5197,  5202,  5205,  5215,  5219,  5298,
         5305,  5311,  5318,  5326,  5351,  5354,  5357,  5374,  5376,  5378,
         5381,  5384,  5386,  5390,  5391,  5395,  5408,  5420,  5421,  5424,
         5434,  5462,  5468,  5488,  5494,  5512,  5515,  5523,  5545,  5548,
         5549,  5570,  5581,  5590,  5599,  5604,  5611,  5621,  5633,  5649,
         5658,  5662,  5666,  5672,  5703,  5710,  5721,  5756,  5761
Total non-polymorphic = 567


Population     2 [YS_121316_01]  (Number of Individuals = 46)
****************
--------------------------------------------------------------------------
Lowest Allele Frequency Used     0.050       0.020       0.010         0+
--------------------------------------------------------------------------

LINKAGE DISEQUILIBRIUM METHOD

Harmonic Mean Sample Size =       43.6        43.6        43.6        43.6
Independent Comparisons =    6406203    11378310    13657642    13657642
OverAll r^2 =                  0.02465     0.02466     0.02471     0.02471
Expected r^2 Sample =          0.02447     0.02448     0.02450     0.02450
Estimated Ne^ =                 1899.7      1907.4      1564.8      1564.8

95% CIs for Ne^
* Parametric                    1645.8      1708.7      1439.2      1439.2
                                2245.6      2158.0      1714.3      1714.3

* CIs by Jackknife are skipped when number of polymorphic loci > 100

**************************************************************************

Time: Mon Mar 19 16:14:02 2018

Non-polymorphic loci:     5,    31,    33,    34,    36,    40,    57,    68,
           74,    82,    86,    95,    96,    97,   106,   139,   149,   150,
          153,   155,   163,   167,   188,   189,   192,   208,   214,   220,
          254,   264,   278,   280,   283,   313,   316,   319,   350,   355,
          386,   387,   410,   415,   423,   428,   439,   442,   449,   462,
          464,   474,   481,   525,   529,   533,   544,   549,   556,   561,
          567,   570,   571,   572,   574,   581,   582,   592,   594,   597,
          611,   624,   642,   645,   646,   660,   664,   678,   693,   707,
          708,   711,   715,   723,   726,   738,   740,   758,   784,   792,
          795,   802,   815,   818,   828,   834,   836,   838,   850,   881,
          915,   924,   925,   928,   932,   942,   955,   965,   967,   987,
         1002,  1006,  1020,  1022,  1030,  1034,  1035,  1048,  1053,  1054,
         1063,  1070,  1072,  1075,  1077,  1078,  1080,  1082,  1089,  1094,
         1097,  1119,  1125,  1128,  1135,  1142,  1149,  1172,  1183,  1205,
         1208,  1210,  1213,  1241,  1245,  1253,  1259,  1261,  1263,  1269,
         1270,  1271,  1289,  1296,  1333,  1337,  1350,  1378,  1387,  1395,
         1401,  1433,  1434,  1443,  1459,  1463,  1468,  1469,  1478,  1490,
         1505,  1507,  1518,  1525,  1542,  1553,  1568,  1569,  1582,  1585,
         1587,  1588,  1592,  1602,  1621,  1626,  1644,  1668,  1694,  1695,
         1697,  1698,  1701,  1712,  1719,  1736,  1756,  1757,  1766,  1773,
         1784,  1795,  1830,  1838,  1862,  1869,  1870,  1875,  1883,  1884,
         1890,  1911,  1917,  1920,  1933,  1938,  1951,  1960,  1963,  1981,
         1989,  1990,  1993,  1995,  2005,  2013,  2016,  2022,  2044,  2056,
         2058,  2078,  2079,  2122,  2124,  2140,  2164,  2186,  2188,  2222,
         2229,  2232,  2243,  2254,  2259,  2270,  2286,  2289,  2322,  2329,
         2364,  2369,  2380,  2436,  2437,  2439,  2448,  2469,  2483,  2516,
         2517,  2524,  2525,  2531,  2536,  2545,  2554,  2593,  2598,  2613,
         2617,  2619,  2629,  2639,  2659,  2670,  2675,  2681,  2684,  2688,
         2690,  2706,  2719,  2724,  2731,  2738,  2757,  2759,  2765,  2774,
         2777,  2784,  2797,  2801,  2810,  2827,  2829,  2838,  2842,  2844,
         2852,  2869,  2879,  2882,  2886,  2890,  2893,  2901,  2904,  2909,
         2918,  2932,  2940,  2945,  2949,  2960,  2964,  2965,  2979,  2981,
         3028,  3037,  3081,  3084,  3086,  3104,  3112,  3115,  3122,  3123,
         3126,  3130,  3150,  3151,  3159,  3176,  3182,  3200,  3215,  3227,
         3246,  3258,  3279,  3286,  3295,  3311,  3315,  3316,  3331,  3333,
         3338,  3341,  3352,  3395,  3400,  3408,  3413,  3427,  3441,  3490,
         3501,  3504,  3507,  3509,  3514,  3519,  3538,  3547,  3553,  3560,
         3583,  3586,  3593,  3595,  3600,  3628,  3635,  3636,  3647,  3658,
         3663,  3676,  3685,  3687,  3689,  3707,  3714,  3721,  3726,  3731,
         3734,  3736,  3738,  3745,  3759,  3773,  3782,  3787,  3802,  3809,
         3810,  3835,  3848,  3874,  3878,  3882,  3890,  3932,  3936,  3945,
         3959,  3967,  3972,  3990,  3994,  3995,  4002,  4016,  4019,  4021,
         4036,  4037,  4051,  4055,  4059,  4081,  4082,  4125,  4129,  4135,
         4140,  4155,  4159,  4202,  4233,  4242,  4243,  4247,  4251,  4267,
         4270,  4281,  4294,  4299,  4300,  4306,  4311,  4327,  4334,  4341,
         4344,  4351,  4364,  4373,  4386,  4389,  4392,  4395,  4411,  4418,
         4425,  4426,  4429,  4444,  4447,  4456,  4467,  4468,  4476,  4489,
         4495,  4496,  4498,  4500,  4501,  4508,  4513,  4532,  4562,  4573,
         4577,  4589,  4590,  4609,  4613,  4617,  4626,  4627,  4658,  4669,
         4675,  4678,  4698,  4702,  4716,  4717,  4720,  4727,  4744,  4774,
         4777,  4778,  4783,  4806,  4810,  4817,  4830,  4835,  4851,  4863,
         4866,  4868,  4891,  4894,  4900,  4906,  4914,  4916,  4922,  4927,
         4949,  4954,  4957,  4977,  4991,  4992,  4998,  4999,  5006,  5017,
         5018,  5053,  5077,  5099,  5107,  5111,  5118,  5148,  5182,  5183,
         5211,  5213,  5216,  5229,  5235,  5242,  5265,  5295,  5297,  5305,
         5315,  5320,  5325,  5337,  5341,  5351,  5352,  5357,  5360,  5372,
         5385,  5399,  5415,  5416,  5435,  5451,  5454,  5468,  5469,  5500,
         5508,  5526,  5530,  5537,  5570,  5573,  5581,  5595,  5603,  5604,
         5611,  5632,  5636,  5649,  5665,  5666,  5675,  5689,  5690,  5700,
         5715,  5716,  5718,  5747,  5752,  5763,  5771,  5784,  5789
Total non-polymorphic = 597


Population     3 [JUK07_01]  (Number of Individuals = 32)
****************
--------------------------------------------------------------------------
Lowest Allele Frequency Used     0.050       0.020       0.010         0+
--------------------------------------------------------------------------

LINKAGE DISEQUILIBRIUM METHOD

Harmonic Mean Sample Size =       29.0        29.0        29.0        29.0
Independent Comparisons =    6647827    10485282    13439200    13439200
OverAll r^2 =                  0.03824     0.03822     0.03831     0.03831
Expected r^2 Sample =          0.03794     0.03783     0.03784     0.03784
Estimated Ne^ =                 1007.7       789.3       653.9       653.9

95% CIs for Ne^
* Parametric                     887.7       727.9       615.8       615.8
                                1164.7       861.8       696.9       696.9

* CIs by Jackknife are skipped when number of polymorphic loci > 100

**************************************************************************
