Output from NeEstimator v.2
Starting time: Sun Apr 15 13:45:25 2018
Input File: "D:\Pacific cod\DataAnalysis\PCod-Korea-repo\stacks_b8_verif\batch_8_filtbatch_8_verif_final_filtered_bypop_nomigrants_NeLD"

Number of Loci = 5804

Non-polymorphic loci:    10,    24,    31,    33,    34,    38,    40,    44,
           46,    55,    56,    57,    68,    74,    76,    80,    86,    88,
           95,    96,   102,   106,   108,   110,   112,   117,   122,   123,
          127,   132,   133,   148,   150,   152,   160,   164,   165,   173,
          187,   195,   201,   203,   206,   215,   217,   220,   225,   235,
          237,   242,   243,   246,   265,   267,   270,   271,   283,   284,
          285,   288,   291,   292,   300,   321,   323,   326,   327,   331,
          340,   345,   350,   354,   356,   359,   366,   372,   386,   389,
          395,   399,   402,   414,   417,   419,   422,   424,   431,   433,
          437,   439,   440,   441,   453,   483,   487,   489,   490,   493,
          494,   498,   506,   520,   525,   529,   533,   539,   549,   550,
          555,   557,   560,   561,   563,   567,   568,   570,   571,   574,
          581,   582,   587,   592,   598,   599,   602,   604,   606,   624,
          625,   636,   642,   643,   647,   648,   651,   652,   662,   670,
          672,   674,   682,   683,   696,   697,   701,   715,   723,   727,
          732,   734,   735,   741,   742,   758,   760,   773,   774,   776,
          795,   805,   818,   820,   825,   834,   836,   838,   839,   845,
          846,   850,   851,   856,   859,   862,   870,   876,   881,   885,
          887,   888,   893,   900,   910,   913,   916,   923,   926,   928,
          934,   941,   957,   959,   967,   968,   971,   972,   974,   982,
          987,   988,   993,   997,  1002,  1008,  1011,  1017,  1020,  1022,
         1024,  1027,  1036,  1043,  1045,  1046,  1052,  1054,  1073,  1074,
         1075,  1086,  1093,  1096,  1097,  1101,  1103,  1118,  1121,  1122,
         1129,  1135,  1142,  1143,  1149,  1152,  1154,  1160,  1169,  1172,
         1182,  1184,  1188,  1205,  1207,  1213,  1215,  1221,  1222,  1226,
         1228,  1235,  1237,  1239,  1245,  1251,  1253,  1254,  1255,  1259,
         1263,  1264,  1269,  1270,  1294,  1298,  1300,  1303,  1306,  1308,
         1315,  1318,  1323,  1330,  1333,  1340,  1341,  1344,  1346,  1348,
         1349,  1353,  1355,  1357,  1360,  1363,  1365,  1368,  1371,  1373,
         1375,  1378,  1387,  1389,  1393,  1400,  1404,  1406,  1409,  1415,
         1421,  1424,  1425,  1427,  1428,  1437,  1442,  1450,  1454,  1459,
         1461,  1463,  1466,  1468,  1469,  1471,  1476,  1481,  1482,  1484,
         1486,  1503,  1505,  1507,  1508,  1510,  1513,  1514,  1518,  1519,
         1525,  1531,  1542,  1543,  1545,  1563,  1564,  1581,  1586,  1588,
         1589,  1592,  1593,  1597,  1600,  1604,  1618,  1624,  1626,  1628,
         1629,  1631,  1633,  1634,  1636,  1637,  1638,  1639,  1640,  1645,
         1648,  1651,  1654,  1658,  1659,  1664,  1671,  1675,  1682,  1684,
         1689,  1691,  1692,  1694,  1695,  1700,  1701,  1702,  1705,  1709,
         1710,  1712,  1718,  1727,  1733,  1737,  1738,  1741,  1743,  1745,
         1746,  1748,  1751,  1757,  1764,  1767,  1774,  1784,  1793,  1800,
         1802,  1805,  1817,  1829,  1830,  1833,  1838,  1840,  1841,  1844,
         1848,  1854,  1861,  1864,  1866,  1868,  1870,  1873,  1883,  1889,
         1893,  1897,  1906,  1911,  1918,  1920,  1931,  1933,  1938,  1943,
         1948,  1953,  1956,  1959,  1963,  1967,  1968,  1979,  1980,  1982,
         1985,  1990,  1996,  1998,  2005,  2022,  2037,  2039,  2043,  2044,
         2046,  2052,  2063,  2070,  2076,  2078,  2087,  2097,  2101,  2102,
         2104,  2105,  2110,  2113,  2122,  2123,  2126,  2131,  2134,  2138,
         2146,  2154,  2157,  2161,  2163,  2164,  2167,  2176,  2177,  2184,
         2190,  2193,  2195,  2198,  2200,  2207,  2208,  2211,  2213,  2215,
         2218,  2221,  2230,  2235,  2243,  2247,  2249,  2254,  2259,  2260,
         2263,  2267,  2273,  2286,  2289,  2290,  2294,  2303,  2308,  2320,
         2321,  2322,  2324,  2325,  2330,  2331,  2336,  2339,  2343,  2344,
         2345,  2366,  2373,  2377,  2380,  2390,  2393,  2396,  2398,  2409,
         2416,  2418,  2420,  2427,  2434,  2436,  2439,  2440,  2448,  2452,
         2453,  2454,  2459,  2461,  2464,  2468,  2472,  2474,  2476,  2483,
         2484,  2485,  2495,  2497,  2498,  2506,  2508,  2514,  2516,  2517,
         2518,  2522,  2528,  2535,  2537,  2540,  2541,  2543,  2545,  2553,
         2554,  2555,  2557,  2559,  2567,  2571,  2572,  2573,  2575,  2576,
         2577,  2581,  2582,  2583,  2592,  2599,  2600,  2609,  2610,  2611,
         2613,  2622,  2625,  2629,  2632,  2634,  2635,  2642,  2645,  2647,
         2649,  2650,  2656,  2659,  2662,  2667,  2669,  2672,  2675,  2677,
         2679,  2686,  2687,  2688,  2695,  2698,  2700,  2705,  2706,  2708,
         2711,  2719,  2720,  2730,  2742,  2743,  2744,  2756,  2757,  2762,
         2777,  2780,  2781,  2784,  2796,  2797,  2799,  2800,  2801,  2803,
         2810,  2816,  2817,  2818,  2841,  2849,  2854,  2855,  2858,  2861,
         2862,  2866,  2872,  2877,  2879,  2881,  2882,  2886,  2888,  2893,
         2896,  2901,  2909,  2920,  2926,  2932,  2939,  2940,  2941,  2942,
         2944,  2946,  2949,  2957,  2961,  2964,  2968,  2973,  2979,  2981,
         2985,  3003,  3004,  3007,  3017,  3019,  3028,  3029,  3034,  3046,
         3053,  3059,  3065,  3070,  3078,  3084,  3086,  3090,  3101,  3107,
         3108,  3111,  3112,  3114,  3119,  3127,  3137,  3138,  3141,  3142,
         3145,  3150,  3151,  3155,  3157,  3159,  3160,  3169,  3174,  3181,
         3185,  3193,  3196,  3200,  3206,  3209,  3213,  3215,  3216,  3226,
         3228,  3238,  3241,  3245,  3246,  3247,  3249,  3253,  3259,  3264,
         3268,  3269,  3276,  3277,  3278,  3284,  3286,  3287,  3290,  3295,
         3297,  3299,  3302,  3307,  3308,  3309,  3316,  3322,  3328,  3331,
         3333,  3335,  3339,  3341,  3342,  3356,  3366,  3376,  3381,  3394,
         3395,  3400,  3402,  3405,  3407,  3412,  3413,  3420,  3427,  3432,
         3441,  3443,  3445,  3446,  3454,  3455,  3462,  3468,  3475,  3477,
         3478,  3479,  3480,  3484,  3485,  3487,  3490,  3494,  3497,  3500,
         3501,  3505,  3509,  3514,  3520,  3534,  3535,  3536,  3547,  3551,
         3562,  3573,  3587,  3592,  3595,  3596,  3599,  3600,  3602,  3606,
         3617,  3618,  3621,  3625,  3629,  3639,  3646,  3668,  3672,  3684,
         3686,  3688,  3689,  3695,  3697,  3707,  3712,  3718,  3719,  3721,
         3723,  3724,  3730,  3740,  3745,  3752,  3753,  3761,  3762,  3764,
         3771,  3782,  3786,  3787,  3796,  3797,  3801,  3804,  3809,  3811,
         3815,  3816,  3820,  3828,  3832,  3833,  3834,  3838,  3840,  3847,
         3852,  3855,  3858,  3869,  3873,  3878,  3882,  3887,  3896,  3905,
         3907,  3912,  3918,  3919,  3927,  3930,  3939,  3942,  3943,  3945,
         3948,  3957,  3958,  3959,  3970,  3973,  3974,  3977,  3979,  3980,
         3984,  3989,  3990,  3992,  3999,  4003,  4006,  4007,  4009,  4013,
         4017,  4020,  4021,  4022,  4029,  4031,  4036,  4037,  4040,  4042,
         4048,  4060,  4062,  4063,  4069,  4070,  4071,  4072,  4077,  4080,
         4086,  4088,  4089,  4091,  4094,  4098,  4099,  4105,  4109,  4110,
         4112,  4117,  4125,  4137,  4140,  4144,  4146,  4147,  4149,  4150,
         4162,  4163,  4164,  4172,  4176,  4181,  4184,  4185,  4189,  4191,
         4193,  4211,  4233,  4237,  4241,  4243,  4247,  4251,  4252,  4263,
         4267,  4268,  4272,  4275,  4279,  4281,  4285,  4289,  4293,  4299,
         4303,  4305,  4307,  4308,  4314,  4316,  4326,  4327,  4332,  4335,
         4338,  4339,  4342,  4364,  4367,  4369,  4373,  4377,  4381,  4385,
         4389,  4394,  4396,  4397,  4401,  4402,  4405,  4417,  4429,  4437,
         4439,  4444,  4448,  4451,  4452,  4459,  4460,  4467,  4477,  4480,
         4489,  4490,  4495,  4498,  4500,  4501,  4502,  4503,  4505,  4507,
         4508,  4526,  4529,  4533,  4537,  4540,  4545,  4551,  4554,  4558,
         4561,  4562,  4570,  4575,  4580,  4588,  4602,  4604,  4611,  4613,
         4621,  4625,  4627,  4632,  4635,  4641,  4643,  4645,  4648,  4650,
         4654,  4655,  4675,  4677,  4681,  4682,  4687,  4690,  4701,  4706,
         4708,  4711,  4717,  4719,  4721,  4723,  4727,  4728,  4732,  4734,
         4740,  4745,  4749,  4754,  4755,  4757,  4766,  4771,  4772,  4776,
         4783,  4785,  4792,  4798,  4805,  4807,  4808,  4818,  4819,  4820,
         4823,  4826,  4835,  4841,  4843,  4844,  4846,  4847,  4861,  4863,
         4866,  4868,  4870,  4875,  4879,  4880,  4891,  4896,  4901,  4906,
         4909,  4910,  4913,  4918,  4923,  4926,  4937,  4939,  4940,  4946,
         4949,  4954,  4956,  4968,  4970,  4972,  4973,  4975,  4977,  4985,
         4988,  4995,  4996,  5003,  5006,  5009,  5013,  5014,  5017,  5021,
         5022,  5031,  5038,  5044,  5057,  5061,  5071,  5075,  5077,  5086,
         5088,  5090,  5095,  5102,  5107,  5108,  5112,  5113,  5127,  5138,
         5141,  5142,  5145,  5146,  5159,  5166,  5177,  5182,  5183,  5184,
         5197,  5198,  5199,  5202,  5211,  5215,  5228,  5229,  5232,  5238,
         5240,  5254,  5261,  5266,  5271,  5286,  5297,  5298,  5306,  5315,
         5319,  5320,  5321,  5323,  5332,  5337,  5341,  5348,  5349,  5354,
         5360,  5376,  5378,  5379,  5381,  5384,  5385,  5386,  5388,  5390,
         5397,  5415,  5419,  5421,  5425,  5427,  5434,  5435,  5445,  5451,
         5454,  5457,  5458,  5462,  5464,  5471,  5476,  5478,  5480,  5483,
         5485,  5506,  5509,  5515,  5518,  5523,  5525,  5527,  5534,  5541,
         5542,  5548,  5551,  5552,  5558,  5564,  5578,  5581,  5586,  5588,
         5590,  5595,  5596,  5600,  5603,  5608,  5609,  5614,  5628,  5632,
         5636,  5658,  5660,  5665,  5677,  5678,  5684,  5696,  5703,  5705,
         5708,  5710,  5715,  5716,  5718,  5722,  5723,  5738,  5742,  5759,
         5760,  5768,  5785,  5789,  5795,  5797,  5802
Total non-polymorphic = 1295

LD mating model: Random

Population     1 [PO010715_02]  (Number of Individuals = 29)
****************
--------------------------------------------------------------------------
Lowest Allele Frequency Used     0.050       0.020       0.010         0+
--------------------------------------------------------------------------

LINKAGE DISEQUILIBRIUM METHOD

Harmonic Mean Sample Size =       28.5        28.4        28.4        28.4
Independent Comparisons =    6025088     7747528    10138539    10138539
OverAll r^2 =                  0.03917     0.03924     0.03916     0.03916
Expected r^2 Sample =          0.03898     0.03905     0.03903     0.03903
Estimated Ne^ =                 1553.6      1640.2      2307.4      2307.4

95% CIs for Ne^
* Parametric                    1269.4      1357.0      1837.1      1837.1
                                2000.3      2071.8      3099.4      3099.4

* CIs by Jackknife are skipped when number of polymorphic loci > 100

**************************************************************************

Time: Sun Apr 15 13:47:48 2018

Non-polymorphic loci:     5,    10,    26,    33,    36,    38,    40,    44,
           45,    46,    48,    51,    55,    56,    57,    68,    74,    76,
           82,    86,    91,    96,    97,   106,   108,   112,   117,   119,
          122,   123,   127,   131,   133,   150,   152,   154,   160,   164,
          165,   168,   195,   201,   206,   214,   215,   217,   220,   224,
          225,   237,   242,   246,   254,   264,   265,   270,   274,   284,
          285,   288,   291,   292,   296,   300,   301,   313,   321,   326,
          327,   331,   338,   350,   353,   355,   356,   359,   362,   366,
          371,   372,   386,   389,   393,   395,   399,   415,   417,   419,
          422,   424,   431,   437,   440,   453,   457,   472,   483,   487,
          496,   498,   518,   529,   533,   538,   539,   544,   547,   549,
          550,   555,   557,   561,   563,   567,   581,   582,   587,   592,
          598,   599,   602,   606,   612,   624,   625,   629,   638,   639,
          642,   643,   647,   648,   651,   652,   662,   671,   674,   678,
          682,   683,   696,   697,   701,   706,   715,   717,   732,   734,
          741,   758,   759,   767,   773,   774,   776,   782,   783,   795,
          800,   805,   806,   818,   820,   834,   836,   838,   839,   845,
          846,   850,   851,   854,   856,   859,   862,   869,   870,   876,
          881,   887,   888,   893,   916,   928,   934,   938,   941,   949,
          955,   956,   960,   968,   971,   972,   974,   987,   988,  1008,
         1011,  1012,  1017,  1020,  1022,  1024,  1027,  1036,  1043,  1045,
         1046,  1052,  1062,  1073,  1074,  1075,  1078,  1081,  1090,  1093,
         1096,  1101,  1103,  1118,  1121,  1122,  1135,  1142,  1143,  1155,
         1160,  1163,  1164,  1169,  1172,  1182,  1185,  1188,  1205,  1213,
         1220,  1228,  1235,  1239,  1241,  1245,  1251,  1252,  1253,  1254,
         1255,  1259,  1260,  1263,  1269,  1270,  1275,  1292,  1296,  1298,
         1303,  1315,  1318,  1322,  1323,  1330,  1331,  1340,  1341,  1344,
         1346,  1348,  1355,  1357,  1363,  1368,  1371,  1373,  1378,  1388,
         1389,  1393,  1400,  1404,  1409,  1415,  1421,  1424,  1425,  1427,
         1428,  1429,  1439,  1442,  1454,  1459,  1466,  1468,  1469,  1476,
         1482,  1484,  1486,  1490,  1498,  1503,  1505,  1508,  1510,  1513,
         1514,  1518,  1519,  1525,  1531,  1543,  1545,  1556,  1563,  1564,
         1568,  1572,  1586,  1588,  1589,  1592,  1593,  1600,  1618,  1623,
         1624,  1626,  1628,  1629,  1631,  1633,  1634,  1636,  1637,  1638,
         1639,  1640,  1651,  1654,  1658,  1664,  1668,  1670,  1671,  1673,
         1682,  1683,  1692,  1694,  1695,  1700,  1702,  1705,  1712,  1718,
         1721,  1727,  1729,  1732,  1733,  1735,  1738,  1741,  1743,  1745,
         1748,  1751,  1757,  1762,  1767,  1774,  1776,  1783,  1793,  1795,
         1798,  1800,  1805,  1818,  1829,  1833,  1838,  1840,  1844,  1848,
         1861,  1866,  1870,  1873,  1883,  1884,  1897,  1903,  1906,  1911,
         1918,  1920,  1931,  1938,  1944,  1948,  1953,  1955,  1956,  1959,
         1962,  1963,  1967,  1979,  1982,  1985,  1987,  1989,  1990,  1993,
         1996,  1998,  2004,  2005,  2011,  2012,  2022,  2034,  2037,  2038,
         2039,  2042,  2044,  2046,  2047,  2052,  2053,  2064,  2067,  2078,
         2083,  2087,  2101,  2102,  2104,  2110,  2111,  2113,  2122,  2123,
         2126,  2131,  2138,  2139,  2140,  2141,  2145,  2146,  2152,  2154,
         2159,  2164,  2167,  2175,  2177,  2184,  2190,  2193,  2195,  2200,
         2207,  2208,  2211,  2213,  2215,  2230,  2235,  2243,  2260,  2273,
         2274,  2280,  2283,  2286,  2289,  2290,  2294,  2299,  2306,  2308,
         2320,  2321,  2322,  2330,  2331,  2336,  2339,  2343,  2345,  2348,
         2354,  2355,  2366,  2373,  2377,  2380,  2390,  2391,  2396,  2398,
         2401,  2409,  2414,  2416,  2419,  2427,  2436,  2437,  2439,  2440,
         2448,  2452,  2453,  2454,  2461,  2468,  2472,  2476,  2483,  2484,
         2487,  2489,  2490,  2500,  2508,  2514,  2516,  2517,  2518,  2521,
         2522,  2525,  2528,  2534,  2535,  2537,  2545,  2554,  2555,  2556,
         2559,  2563,  2567,  2570,  2571,  2573,  2575,  2576,  2581,  2582,
         2583,  2594,  2599,  2600,  2607,  2609,  2611,  2617,  2622,  2632,
         2641,  2642,  2645,  2647,  2650,  2656,  2662,  2663,  2666,  2667,
         2669,  2672,  2677,  2686,  2687,  2693,  2695,  2698,  2700,  2705,
         2708,  2711,  2719,  2720,  2722,  2724,  2725,  2731,  2742,  2744,
         2756,  2757,  2761,  2762,  2777,  2780,  2781,  2784,  2789,  2796,
         2797,  2799,  2800,  2801,  2813,  2816,  2817,  2818,  2827,  2839,
         2841,  2849,  2855,  2858,  2861,  2862,  2864,  2866,  2869,  2872,
         2877,  2879,  2882,  2886,  2888,  2893,  2896,  2901,  2905,  2909,
         2921,  2937,  2940,  2941,  2942,  2944,  2946,  2949,  2957,  2960,
         2961,  2962,  2964,  2965,  2968,  2972,  2973,  2978,  2979,  2981,
         2985,  3003,  3004,  3007,  3015,  3017,  3019,  3029,  3034,  3035,
         3042,  3046,  3049,  3059,  3065,  3070,  3078,  3084,  3101,  3102,
         3105,  3108,  3112,  3114,  3121,  3130,  3137,  3138,  3141,  3150,
         3151,  3157,  3159,  3160,  3169,  3174,  3178,  3181,  3185,  3193,
         3196,  3200,  3213,  3216,  3226,  3228,  3238,  3241,  3245,  3247,
         3249,  3253,  3257,  3259,  3264,  3265,  3269,  3276,  3277,  3278,
         3286,  3287,  3290,  3295,  3299,  3316,  3328,  3331,  3333,  3335,
         3339,  3341,  3342,  3346,  3351,  3352,  3356,  3366,  3376,  3394,
         3395,  3397,  3402,  3405,  3407,  3414,  3415,  3427,  3432,  3436,
         3438,  3441,  3443,  3446,  3454,  3455,  3462,  3465,  3468,  3475,
         3477,  3480,  3484,  3485,  3487,  3490,  3495,  3497,  3500,  3505,
         3507,  3508,  3520,  3534,  3535,  3536,  3544,  3547,  3551,  3557,
         3583,  3587,  3595,  3596,  3599,  3600,  3602,  3606,  3617,  3618,
         3621,  3625,  3629,  3639,  3644,  3646,  3668,  3672,  3684,  3688,
         3689,  3690,  3695,  3697,  3702,  3704,  3707,  3712,  3718,  3719,
         3721,  3723,  3730,  3740,  3745,  3746,  3752,  3753,  3754,  3761,
         3762,  3764,  3773,  3782,  3784,  3786,  3787,  3794,  3796,  3797,
         3804,  3809,  3811,  3815,  3816,  3820,  3824,  3828,  3832,  3838,
         3840,  3845,  3847,  3849,  3851,  3855,  3858,  3873,  3878,  3879,
         3882,  3885,  3916,  3917,  3919,  3925,  3930,  3937,  3942,  3943,
         3945,  3952,  3959,  3973,  3977,  3979,  3980,  3989,  3990,  3993,
         3999,  4003,  4006,  4009,  4013,  4017,  4021,  4029,  4042,  4045,
         4059,  4060,  4062,  4063,  4065,  4070,  4071,  4077,  4078,  4088,
         4089,  4091,  4095,  4098,  4105,  4109,  4112,  4117,  4125,  4130,
         4137,  4140,  4144,  4146,  4147,  4149,  4150,  4161,  4162,  4163,
         4170,  4172,  4176,  4181,  4183,  4185,  4191,  4199,  4205,  4233,
         4237,  4241,  4243,  4247,  4251,  4262,  4263,  4267,  4268,  4275,
         4279,  4285,  4286,  4289,  4293,  4294,  4299,  4308,  4314,  4326,
         4333,  4335,  4338,  4359,  4364,  4367,  4369,  4373,  4381,  4383,
         4385,  4389,  4390,  4392,  4394,  4395,  4396,  4397,  4401,  4405,
         4412,  4429,  4434,  4444,  4448,  4451,  4452,  4458,  4459,  4460,
         4477,  4480,  4489,  4490,  4494,  4495,  4500,  4503,  4505,  4507,
         4526,  4529,  4537,  4540,  4545,  4549,  4554,  4562,  4570,  4575,
         4580,  4585,  4588,  4602,  4604,  4611,  4616,  4627,  4632,  4635,
         4641,  4643,  4644,  4645,  4648,  4654,  4675,  4677,  4678,  4681,
         4687,  4690,  4701,  4706,  4711,  4719,  4721,  4723,  4727,  4732,
         4734,  4740,  4743,  4745,  4749,  4754,  4755,  4757,  4766,  4772,
         4778,  4780,  4785,  4790,  4796,  4798,  4805,  4807,  4808,  4810,
         4817,  4818,  4819,  4820,  4823,  4824,  4827,  4835,  4837,  4841,
         4844,  4846,  4847,  4861,  4863,  4866,  4868,  4879,  4880,  4891,
         4896,  4901,  4902,  4903,  4906,  4913,  4918,  4919,  4922,  4923,
         4926,  4937,  4940,  4949,  4954,  4956,  4968,  4972,  4973,  4977,
         4985,  4988,  4989,  5003,  5004,  5006,  5007,  5014,  5017,  5021,
         5031,  5032,  5035,  5038,  5044,  5057,  5061,  5074,  5077,  5086,
         5088,  5090,  5095,  5101,  5102,  5107,  5108,  5112,  5113,  5118,
         5130,  5138,  5142,  5144,  5151,  5179,  5183,  5197,  5202,  5205,
         5208,  5211,  5215,  5224,  5228,  5229,  5230,  5238,  5240,  5254,
         5261,  5269,  5271,  5286,  5297,  5306,  5315,  5319,  5320,  5321,
         5323,  5325,  5326,  5327,  5332,  5337,  5349,  5357,  5359,  5373,
         5376,  5378,  5381,  5385,  5388,  5397,  5406,  5408,  5413,  5414,
         5419,  5421,  5424,  5425,  5434,  5435,  5445,  5454,  5457,  5458,
         5462,  5464,  5468,  5471,  5476,  5478,  5480,  5483,  5485,  5488,
         5500,  5506,  5509,  5511,  5515,  5518,  5523,  5526,  5527,  5531,
         5541,  5542,  5548,  5558,  5564,  5570,  5573,  5578,  5588,  5590,
         5596,  5599,  5600,  5603,  5608,  5609,  5611,  5622,  5628,  5636,
         5656,  5658,  5660,  5664,  5665,  5677,  5678,  5696,  5697,  5700,
         5703,  5710,  5715,  5718,  5722,  5723,  5726,  5760,  5767,  5768,
         5770,  5778,  5781,  5785,  5789,  5796,  5797,  5802
Total non-polymorphic = 1236


Population     2 [GE011215_01.1]  (Number of Individuals = 27)
****************
--------------------------------------------------------------------------
Lowest Allele Frequency Used     0.050       0.020       0.010         0+
--------------------------------------------------------------------------

LINKAGE DISEQUILIBRIUM METHOD

Harmonic Mean Sample Size =       26.4        26.3        26.4        26.4
Independent Comparisons =    6016843     7983117    10399033    10399033
OverAll r^2 =                  0.04268     0.04278     0.04264     0.04264
Expected r^2 Sample =          0.04230     0.04245     0.04235     0.04235
Estimated Ne^ =                  819.2       942.5      1083.1      1083.1

95% CIs for Ne^
* Parametric                     725.6       834.8       959.0       959.0
                                 940.1      1081.8      1243.8      1243.8

* CIs by Jackknife are skipped when number of polymorphic loci > 100

**************************************************************************

Time: Sun Apr 15 13:50:12 2018

Non-polymorphic loci:     5,    10,    16,    17,    20,    21,    23,    29,
           33,    34,    38,    40,    41,    44,    46,    47,    48,    55,
           56,    57,    68,    70,    74,    76,    79,    80,    82,    84,
           88,    90,    91,    94,    95,    96,    97,   102,   106,   108,
          110,   112,   114,   120,   123,   127,   132,   133,   141,   145,
          146,   148,   150,   151,   152,   153,   157,   158,   160,   161,
          164,   165,   173,   175,   177,   180,   181,   186,   187,   188,
          189,   194,   195,   201,   203,   206,   207,   215,   217,   224,
          225,   229,   231,   235,   237,   242,   243,   246,   249,   254,
          261,   264,   265,   267,   270,   274,   276,   277,   279,   280,
          282,   285,   288,   291,   292,   295,   297,   300,   313,   317,
          319,   321,   326,   327,   331,   338,   340,   345,   350,   352,
          354,   355,   356,   359,   362,   366,   371,   372,   373,   377,
          379,   381,   382,   386,   389,   395,   398,   400,   401,   402,
          404,   410,   414,   417,   419,   422,   424,   431,   433,   437,
          440,   441,   442,   444,   449,   453,   461,   462,   469,   472,
          474,   476,   479,   481,   483,   485,   487,   489,   491,   494,
          496,   498,   504,   506,   507,   511,   518,   520,   525,   529,
          533,   537,   538,   539,   545,   549,   555,   556,   557,   560,
          561,   563,   565,   566,   567,   570,   571,   575,   581,   582,
          584,   589,   592,   593,   594,   595,   597,   598,   599,   600,
          603,   605,   606,   608,   623,   624,   625,   629,   633,   634,
          636,   642,   643,   645,   647,   648,   651,   657,   662,   663,
          664,   670,   672,   674,   678,   682,   683,   696,   697,   701,
          706,   709,   712,   714,   715,   720,   723,   727,   732,   734,
          737,   738,   739,   741,   745,   749,   753,   755,   759,   760,
          761,   773,   774,   775,   776,   783,   792,   793,   795,   799,
          805,   808,   812,   815,   816,   818,   825,   828,   831,   834,
          836,   837,   838,   839,   840,   842,   844,   845,   846,   850,
          852,   854,   856,   859,   861,   862,   869,   870,   876,   879,
          881,   885,   888,   892,   893,   900,   902,   912,   913,   916,
          923,   925,   928,   934,   935,   937,   938,   941,   944,   945,
          956,   957,   960,   961,   967,   968,   971,   972,   974,   976,
          979,   981,   982,   986,   987,   988,   996,   997,  1002,  1006,
         1007,  1008,  1010,  1011,  1012,  1015,  1016,  1017,  1020,  1021,
         1022,  1024,  1025,  1027,  1030,  1031,  1034,  1036,  1043,  1048,
         1052,  1061,  1064,  1068,  1072,  1073,  1074,  1075,  1077,  1078,
         1080,  1081,  1082,  1085,  1093,  1094,  1096,  1097,  1101,  1103,
         1112,  1117,  1118,  1119,  1121,  1122,  1125,  1128,  1135,  1137,
         1138,  1140,  1142,  1143,  1149,  1151,  1152,  1154,  1155,  1156,
         1157,  1159,  1160,  1161,  1163,  1164,  1169,  1174,  1182,  1184,
         1188,  1196,  1200,  1205,  1207,  1208,  1213,  1215,  1221,  1222,
         1223,  1225,  1227,  1236,  1239,  1241,  1242,  1243,  1245,  1246,
         1251,  1252,  1253,  1254,  1259,  1260,  1262,  1263,  1268,  1269,
         1270,  1271,  1275,  1276,  1278,  1289,  1291,  1292,  1294,  1296,
         1298,  1300,  1303,  1306,  1307,  1315,  1318,  1322,  1323,  1331,
         1333,  1334,  1346,  1348,  1349,  1351,  1353,  1355,  1357,  1359,
         1360,  1365,  1368,  1373,  1376,  1378,  1382,  1384,  1385,  1387,
         1388,  1389,  1393,  1394,  1395,  1399,  1400,  1401,  1403,  1409,
         1413,  1415,  1417,  1421,  1424,  1425,  1427,  1428,  1433,  1437,
         1439,  1441,  1442,  1444,  1454,  1459,  1463,  1466,  1468,  1469,
         1471,  1476,  1477,  1478,  1479,  1482,  1485,  1486,  1496,  1498,
         1499,  1503,  1505,  1508,  1510,  1513,  1514,  1518,  1519,  1525,
         1527,  1528,  1531,  1541,  1542,  1543,  1545,  1550,  1553,  1556,
         1563,  1564,  1567,  1572,  1580,  1582,  1583,  1584,  1586,  1593,
         1595,  1597,  1600,  1601,  1604,  1606,  1607,  1611,  1618,  1621,
         1623,  1624,  1626,  1628,  1629,  1630,  1631,  1633,  1634,  1636,
         1637,  1638,  1639,  1640,  1645,  1651,  1654,  1658,  1659,  1661,
         1664,  1666,  1670,  1671,  1679,  1683,  1684,  1685,  1689,  1691,
         1692,  1694,  1695,  1697,  1700,  1701,  1702,  1710,  1712,  1718,
         1721,  1725,  1727,  1729,  1730,  1732,  1733,  1735,  1741,  1743,
         1745,  1746,  1748,  1749,  1750,  1751,  1752,  1754,  1757,  1760,
         1762,  1764,  1766,  1773,  1774,  1776,  1778,  1779,  1783,  1784,
         1786,  1793,  1795,  1797,  1799,  1800,  1802,  1804,  1829,  1830,
         1833,  1834,  1838,  1840,  1841,  1844,  1848,  1850,  1854,  1859,
         1861,  1864,  1866,  1873,  1874,  1876,  1879,  1883,  1884,  1889,
         1890,  1893,  1897,  1898,  1899,  1905,  1906,  1910,  1911,  1918,
         1920,  1925,  1926,  1931,  1937,  1938,  1944,  1948,  1950,  1955,
         1956,  1959,  1961,  1963,  1966,  1967,  1968,  1979,  1980,  1982,
         1984,  1987,  1989,  1990,  1993,  1994,  1998,  2005,  2011,  2012,
         2016,  2020,  2021,  2022,  2031,  2036,  2037,  2038,  2039,  2044,
         2046,  2047,  2052,  2063,  2064,  2065,  2067,  2070,  2076,  2077,
         2078,  2083,  2090,  2097,  2100,  2101,  2102,  2103,  2107,  2108,
         2109,  2110,  2111,  2113,  2116,  2122,  2123,  2131,  2132,  2134,
         2139,  2141,  2145,  2148,  2152,  2154,  2157,  2161,  2164,  2166,
         2167,  2176,  2184,  2186,  2187,  2190,  2192,  2193,  2195,  2197,
         2200,  2202,  2208,  2211,  2213,  2215,  2218,  2220,  2224,  2229,
         2232,  2235,  2239,  2243,  2249,  2253,  2255,  2259,  2260,  2261,
         2263,  2267,  2271,  2272,  2273,  2274,  2279,  2280,  2283,  2284,
         2286,  2287,  2294,  2299,  2301,  2303,  2307,  2308,  2316,  2320,
         2324,  2325,  2329,  2330,  2334,  2336,  2339,  2341,  2343,  2344,
         2348,  2349,  2354,  2355,  2358,  2359,  2363,  2366,  2369,  2373,
         2377,  2378,  2380,  2381,  2384,  2391,  2393,  2396,  2397,  2398,
         2400,  2409,  2414,  2416,  2417,  2419,  2420,  2424,  2425,  2436,
         2437,  2439,  2440,  2448,  2452,  2453,  2456,  2459,  2460,  2461,
         2464,  2465,  2468,  2471,  2472,  2474,  2475,  2476,  2477,  2483,
         2484,  2485,  2489,  2497,  2498,  2500,  2506,  2508,  2510,  2512,
         2514,  2516,  2517,  2518,  2519,  2521,  2522,  2524,  2525,  2528,
         2534,  2535,  2537,  2540,  2541,  2543,  2545,  2548,  2550,  2553,
         2555,  2558,  2559,  2567,  2571,  2572,  2573,  2575,  2576,  2577,
         2581,  2582,  2583,  2587,  2589,  2593,  2594,  2597,  2598,  2600,
         2609,  2610,  2611,  2615,  2617,  2622,  2626,  2632,  2639,  2641,
         2642,  2645,  2646,  2647,  2649,  2650,  2651,  2656,  2659,  2661,
         2662,  2663,  2666,  2667,  2669,  2670,  2674,  2675,  2677,  2679,
         2681,  2682,  2686,  2687,  2688,  2690,  2695,  2700,  2705,  2706,
         2708,  2711,  2712,  2716,  2719,  2720,  2722,  2725,  2730,  2731,
         2733,  2738,  2744,  2747,  2748,  2749,  2750,  2754,  2757,  2761,
         2762,  2777,  2780,  2781,  2789,  2790,  2796,  2797,  2799,  2800,
         2801,  2810,  2813,  2816,  2817,  2818,  2824,  2827,  2829,  2839,
         2841,  2845,  2849,  2854,  2855,  2858,  2859,  2860,  2861,  2862,
         2864,  2866,  2872,  2875,  2877,  2879,  2881,  2882,  2885,  2886,
         2888,  2889,  2890,  2891,  2893,  2901,  2905,  2906,  2908,  2909,
         2914,  2918,  2929,  2930,  2933,  2937,  2939,  2940,  2941,  2942,
         2946,  2949,  2957,  2960,  2962,  2964,  2965,  2968,  2972,  2973,
         2974,  2981,  2985,  3000,  3003,  3004,  3007,  3015,  3017,  3018,
         3019,  3021,  3028,  3029,  3034,  3035,  3040,  3041,  3042,  3046,
         3053,  3055,  3059,  3063,  3065,  3070,  3078,  3081,  3082,  3084,
         3088,  3089,  3090,  3099,  3101,  3102,  3104,  3114,  3116,  3118,
         3119,  3121,  3123,  3124,  3125,  3127,  3130,  3137,  3138,  3141,
         3142,  3144,  3145,  3151,  3154,  3155,  3157,  3159,  3160,  3168,
         3171,  3173,  3174,  3181,  3185,  3187,  3193,  3196,  3200,  3203,
         3206,  3209,  3212,  3213,  3216,  3221,  3224,  3226,  3228,  3230,
         3232,  3235,  3241,  3242,  3245,  3246,  3249,  3250,  3253,  3259,
         3262,  3263,  3264,  3265,  3266,  3273,  3276,  3277,  3278,  3280,
         3284,  3285,  3287,  3290,  3295,  3299,  3300,  3302,  3305,  3306,
         3307,  3309,  3311,  3315,  3316,  3317,  3318,  3322,  3333,  3335,
         3339,  3342,  3352,  3354,  3355,  3356,  3358,  3366,  3370,  3374,
         3376,  3381,  3389,  3391,  3392,  3394,  3397,  3400,  3402,  3405,
         3407,  3408,  3412,  3413,  3415,  3420,  3422,  3427,  3432,  3436,
         3438,  3441,  3443,  3444,  3445,  3447,  3453,  3454,  3455,  3462,
         3466,  3471,  3475,  3476,  3477,  3478,  3480,  3484,  3485,  3486,
         3487,  3490,  3494,  3495,  3497,  3500,  3505,  3507,  3508,  3509,
         3522,  3524,  3525,  3527,  3534,  3535,  3536,  3544,  3547,  3553,
         3555,  3556,  3560,  3562,  3572,  3573,  3574,  3578,  3579,  3580,
         3583,  3586,  3594,  3595,  3599,  3600,  3602,  3603,  3608,  3612,
         3617,  3618,  3620,  3621,  3623,  3624,  3625,  3629,  3634,  3636,
         3638,  3639,  3642,  3643,  3646,  3653,  3656,  3662,  3663,  3668,
         3669,  3672,  3676,  3678,  3682,  3684,  3687,  3688,  3689,  3694,
         3695,  3701,  3702,  3705,  3707,  3711,  3712,  3714,  3717,  3719,
         3721,  3723,  3724,  3726,  3730,  3738,  3745,  3748,  3749,  3752,
         3754,  3757,  3761,  3762,  3763,  3764,  3773,  3778,  3782,  3783,
         3784,  3786,  3787,  3788,  3794,  3796,  3797,  3798,  3801,  3804,
         3809,  3815,  3820,  3823,  3824,  3826,  3828,  3830,  3832,  3833,
         3837,  3840,  3842,  3844,  3849,  3851,  3852,  3858,  3859,  3860,
         3863,  3868,  3873,  3874,  3878,  3879,  3880,  3882,  3887,  3896,
         3912,  3913,  3916,  3917,  3918,  3919,  3921,  3927,  3937,  3939,
         3941,  3942,  3943,  3948,  3952,  3958,  3959,  3969,  3970,  3973,
         3974,  3977,  3979,  3980,  3984,  3989,  3990,  3992,  3993,  3994,
         3995,  3998,  3999,  4003,  4005,  4006,  4007,  4009,  4013,  4016,
         4019,  4026,  4027,  4028,  4029,  4031,  4036,  4037,  4040,  4042,
         4043,  4045,  4047,  4051,  4053,  4059,  4060,  4062,  4063,  4065,
         4068,  4069,  4070,  4071,  4072,  4078,  4080,  4081,  4086,  4089,
         4090,  4091,  4094,  4095,  4099,  4105,  4109,  4112,  4114,  4115,
         4116,  4117,  4126,  4134,  4136,  4138,  4140,  4146,  4147,  4149,
         4150,  4155,  4157,  4159,  4161,  4162,  4163,  4170,  4172,  4174,
         4176,  4181,  4182,  4183,  4184,  4185,  4189,  4191,  4192,  4194,
         4199,  4205,  4208,  4211,  4230,  4233,  4237,  4240,  4241,  4242,
         4243,  4247,  4251,  4257,  4262,  4264,  4267,  4268,  4272,  4275,
         4279,  4281,  4285,  4288,  4289,  4293,  4299,  4303,  4305,  4308,
         4313,  4314,  4316,  4317,  4325,  4326,  4328,  4331,  4332,  4334,
         4335,  4341,  4342,  4344,  4349,  4351,  4354,  4356,  4359,  4364,
         4367,  4369,  4373,  4374,  4377,  4383,  4385,  4390,  4392,  4394,
         4396,  4397,  4398,  4401,  4405,  4411,  4412,  4417,  4426,  4429,
         4434,  4437,  4441,  4444,  4448,  4450,  4452,  4454,  4459,  4460,
         4467,  4476,  4477,  4478,  4487,  4489,  4490,  4491,  4493,  4495,
         4498,  4501,  4502,  4503,  4505,  4507,  4526,  4529,  4530,  4532,
         4537,  4538,  4540,  4543,  4544,  4545,  4548,  4554,  4556,  4561,
         4562,  4565,  4570,  4572,  4573,  4575,  4578,  4585,  4588,  4589,
         4600,  4602,  4604,  4608,  4611,  4613,  4616,  4625,  4626,  4632,
         4635,  4641,  4642,  4643,  4644,  4648,  4650,  4656,  4668,  4670,
         4675,  4676,  4677,  4678,  4681,  4682,  4687,  4688,  4689,  4690,
         4701,  4702,  4706,  4708,  4711,  4716,  4717,  4719,  4721,  4722,
         4723,  4727,  4728,  4732,  4734,  4737,  4740,  4743,  4749,  4752,
         4755,  4757,  4758,  4764,  4766,  4772,  4777,  4778,  4779,  4780,
         4783,  4785,  4790,  4792,  4798,  4805,  4806,  4807,  4808,  4810,
         4812,  4817,  4818,  4819,  4820,  4823,  4826,  4827,  4830,  4831,
         4835,  4836,  4841,  4843,  4844,  4846,  4854,  4861,  4863,  4866,
         4867,  4868,  4870,  4872,  4873,  4877,  4879,  4880,  4888,  4891,
         4892,  4896,  4900,  4901,  4902,  4903,  4906,  4910,  4913,  4914,
         4916,  4918,  4919,  4920,  4923,  4926,  4927,  4930,  4937,  4940,
         4945,  4946,  4949,  4954,  4961,  4968,  4970,  4971,  4972,  4973,
         4980,  4982,  4985,  4988,  4989,  4992,  4994,  4995,  4996,  5002,
         5003,  5005,  5006,  5008,  5009,  5014,  5017,  5019,  5021,  5022,
         5025,  5027,  5031,  5032,  5033,  5034,  5035,  5037,  5038,  5043,
         5044,  5047,  5048,  5052,  5059,  5061,  5064,  5072,  5075,  5077,
         5085,  5086,  5088,  5090,  5095,  5097,  5107,  5108,  5111,  5112,
         5113,  5115,  5118,  5123,  5124,  5128,  5130,  5133,  5138,  5141,
         5142,  5144,  5148,  5151,  5153,  5159,  5164,  5166,  5170,  5171,
         5173,  5177,  5181,  5182,  5192,  5195,  5196,  5197,  5198,  5199,
         5202,  5205,  5208,  5211,  5213,  5215,  5216,  5219,  5222,  5226,
         5228,  5232,  5238,  5240,  5241,  5248,  5254,  5258,  5261,  5265,
         5266,  5267,  5269,  5271,  5276,  5280,  5281,  5286,  5297,  5298,
         5299,  5300,  5306,  5315,  5318,  5319,  5320,  5321,  5323,  5325,
         5326,  5332,  5335,  5337,  5340,  5341,  5347,  5348,  5349,  5354,
         5359,  5360,  5363,  5370,  5372,  5373,  5375,  5376,  5377,  5378,
         5379,  5381,  5385,  5387,  5388,  5394,  5397,  5404,  5413,  5415,
         5419,  5425,  5428,  5434,  5435,  5445,  5451,  5454,  5457,  5458,
         5462,  5468,  5469,  5476,  5483,  5484,  5485,  5488,  5499,  5500,
         5502,  5505,  5506,  5508,  5511,  5515,  5516,  5523,  5525,  5526,
         5531,  5532,  5534,  5537,  5541,  5542,  5545,  5548,  5549,  5551,
         5552,  5553,  5556,  5558,  5563,  5573,  5578,  5583,  5585,  5586,
         5588,  5590,  5594,  5596,  5599,  5600,  5603,  5608,  5609,  5610,
         5621,  5622,  5628,  5630,  5632,  5634,  5636,  5644,  5645,  5646,
         5653,  5656,  5657,  5658,  5660,  5663,  5664,  5665,  5666,  5668,
         5672,  5674,  5677,  5681,  5684,  5691,  5697,  5699,  5703,  5708,
         5710,  5718,  5722,  5723,  5726,  5738,  5744,  5760,  5763,  5765,
         5766,  5767,  5770,  5771,  5778,  5781,  5784,  5789,  5795,  5796,
         5797,  5798,  5799,  5800,  5802
Total non-polymorphic = 1973


Population     3 [NA021015_02.1]  (Number of Individuals = 10)
****************
--------------------------------------------------------------------------
Lowest Allele Frequency Used     0.050       0.020       0.010         0+
--------------------------------------------------------------------------

LINKAGE DISEQUILIBRIUM METHOD

Harmonic Mean Sample Size =        9.8         9.8         9.8         9.8
Independent Comparisons =    7305840     7305840     7305840     7305840
OverAll r^2 =                  0.13785     0.13785     0.13785     0.13785
Expected r^2 Sample =          0.13922     0.13922     0.13922     0.13922
Estimated Ne^ =               Infinite    Infinite    Infinite    Infinite

95% CIs for Ne^
* Parametric                  Infinite    Infinite    Infinite    Infinite
                              Infinite    Infinite    Infinite    Infinite

* CIs by Jackknife are skipped when number of polymorphic loci > 100

**************************************************************************

Time: Sun Apr 15 13:51:13 2018

Non-polymorphic loci:     5,    10,    17,    33,    38,    40,    44,    45,
           46,    48,    51,    55,    56,    57,    68,    74,    86,    90,
           91,    95,    96,    97,   102,   106,   110,   112,   117,   122,
          127,   131,   132,   150,   152,   155,   164,   187,   188,   194,
          195,   206,   215,   217,   220,   224,   225,   235,   237,   242,
          246,   264,   265,   274,   285,   288,   291,   292,   300,   317,
          319,   321,   323,   331,   340,   345,   350,   354,   356,   359,
          362,   366,   368,   371,   372,   381,   386,   389,   395,   399,
          400,   417,   419,   422,   424,   431,   433,   437,   449,   483,
          487,   489,   493,   494,   496,   498,   506,   512,   518,   520,
          529,   533,   539,   549,   550,   555,   556,   557,   560,   561,
          562,   567,   581,   582,   587,   598,   599,   602,   604,   606,
          624,   629,   631,   636,   640,   642,   643,   647,   648,   652,
          672,   674,   678,   682,   683,   697,   698,   701,   707,   715,
          720,   723,   734,   740,   741,   758,   759,   760,   767,   773,
          774,   782,   783,   795,   805,   807,   818,   820,   827,   828,
          834,   836,   838,   841,   845,   846,   850,   856,   859,   862,
          869,   870,   872,   876,   881,   885,   887,   888,   893,   910,
          916,   923,   924,   926,   928,   934,   935,   938,   941,   955,
          956,   957,   959,   960,   967,   968,   972,   974,   976,   979,
          981,   982,   987,   988,  1002,  1008,  1011,  1013,  1017,  1020,
         1022,  1024,  1027,  1036,  1048,  1052,  1075,  1078,  1090,  1093,
         1096,  1101,  1103,  1118,  1119,  1121,  1122,  1128,  1129,  1135,
         1142,  1143,  1149,  1153,  1154,  1155,  1159,  1160,  1169,  1172,
         1184,  1185,  1188,  1199,  1205,  1207,  1213,  1215,  1221,  1222,
         1228,  1235,  1237,  1245,  1251,  1252,  1253,  1254,  1259,  1260,
         1263,  1269,  1270,  1276,  1296,  1298,  1303,  1306,  1308,  1322,
         1323,  1330,  1333,  1336,  1340,  1349,  1351,  1355,  1357,  1360,
         1363,  1365,  1368,  1371,  1373,  1375,  1378,  1384,  1387,  1388,
         1389,  1393,  1400,  1415,  1421,  1425,  1428,  1429,  1437,  1439,
         1442,  1459,  1463,  1466,  1468,  1469,  1476,  1481,  1482,  1484,
         1486,  1490,  1498,  1503,  1505,  1507,  1508,  1510,  1518,  1519,
         1531,  1542,  1543,  1545,  1553,  1564,  1572,  1583,  1585,  1586,
         1592,  1593,  1597,  1600,  1601,  1608,  1618,  1623,  1624,  1626,
         1629,  1631,  1633,  1634,  1636,  1637,  1640,  1651,  1655,  1659,
         1664,  1666,  1669,  1671,  1682,  1684,  1685,  1689,  1691,  1692,
         1694,  1695,  1700,  1705,  1710,  1712,  1718,  1721,  1727,  1732,
         1741,  1743,  1745,  1746,  1748,  1750,  1751,  1757,  1762,  1766,
         1767,  1774,  1776,  1778,  1784,  1793,  1795,  1802,  1805,  1806,
         1829,  1833,  1834,  1838,  1840,  1841,  1844,  1846,  1848,  1859,
         1861,  1866,  1870,  1873,  1883,  1885,  1893,  1897,  1906,  1907,
         1911,  1918,  1920,  1926,  1931,  1933,  1937,  1938,  1944,  1948,
         1953,  1955,  1963,  1967,  1968,  1979,  1982,  1985,  1993,  1996,
         2004,  2005,  2012,  2016,  2034,  2038,  2039,  2044,  2051,  2052,
         2079,  2097,  2101,  2102,  2103,  2104,  2105,  2107,  2110,  2111,
         2112,  2113,  2116,  2122,  2123,  2126,  2131,  2134,  2139,  2145,
         2152,  2154,  2157,  2163,  2164,  2167,  2175,  2177,  2184,  2187,
         2190,  2193,  2195,  2200,  2208,  2213,  2221,  2232,  2235,  2243,
         2247,  2249,  2259,  2260,  2263,  2276,  2279,  2280,  2283,  2286,
         2290,  2294,  2299,  2303,  2308,  2310,  2316,  2320,  2322,  2324,
         2325,  2330,  2334,  2336,  2339,  2340,  2343,  2344,  2345,  2346,
         2355,  2359,  2363,  2366,  2373,  2377,  2380,  2390,  2396,  2398,
         2400,  2409,  2416,  2427,  2436,  2440,  2448,  2452,  2453,  2454,
         2459,  2460,  2461,  2468,  2471,  2474,  2476,  2483,  2484,  2487,
         2490,  2497,  2508,  2518,  2525,  2535,  2537,  2540,  2541,  2542,
         2545,  2553,  2554,  2567,  2572,  2573,  2575,  2576,  2577,  2581,
         2583,  2594,  2599,  2600,  2609,  2610,  2611,  2622,  2632,  2634,
         2641,  2647,  2649,  2650,  2663,  2667,  2669,  2672,  2675,  2679,
         2686,  2687,  2695,  2698,  2700,  2705,  2706,  2708,  2709,  2711,
         2719,  2720,  2725,  2726,  2730,  2731,  2738,  2742,  2743,  2745,
         2748,  2756,  2761,  2762,  2765,  2777,  2780,  2781,  2784,  2789,
         2790,  2796,  2799,  2800,  2816,  2817,  2818,  2839,  2841,  2850,
         2858,  2859,  2861,  2862,  2866,  2869,  2872,  2877,  2879,  2881,
         2882,  2886,  2888,  2896,  2901,  2909,  2923,  2940,  2942,  2944,
         2946,  2949,  2957,  2961,  2962,  2964,  2965,  2968,  2972,  2973,
         2979,  2985,  3003,  3004,  3007,  3018,  3028,  3029,  3034,  3035,
         3041,  3046,  3049,  3053,  3059,  3065,  3084,  3090,  3101,  3102,
         3111,  3112,  3114,  3119,  3121,  3123,  3127,  3138,  3141,  3142,
         3150,  3151,  3159,  3160,  3174,  3176,  3181,  3185,  3187,  3193,
         3196,  3200,  3201,  3206,  3209,  3213,  3216,  3226,  3228,  3232,
         3235,  3241,  3242,  3245,  3246,  3247,  3249,  3250,  3257,  3258,
         3263,  3264,  3276,  3277,  3278,  3286,  3290,  3295,  3299,  3306,
         3307,  3309,  3316,  3317,  3318,  3322,  3328,  3331,  3333,  3335,
         3342,  3352,  3356,  3358,  3366,  3376,  3381,  3395,  3397,  3400,
         3402,  3405,  3407,  3412,  3414,  3420,  3427,  3432,  3436,  3438,
         3441,  3443,  3444,  3445,  3446,  3455,  3462,  3465,  3466,  3468,
         3471,  3475,  3476,  3477,  3480,  3487,  3494,  3495,  3497,  3500,
         3504,  3505,  3509,  3514,  3520,  3527,  3535,  3536,  3547,  3551,
         3557,  3562,  3583,  3599,  3600,  3602,  3603,  3617,  3618,  3621,
         3625,  3629,  3639,  3643,  3646,  3656,  3660,  3662,  3668,  3684,
         3686,  3689,  3694,  3695,  3697,  3707,  3718,  3721,  3726,  3730,
         3733,  3745,  3752,  3753,  3754,  3761,  3762,  3764,  3773,  3784,
         3786,  3788,  3795,  3797,  3804,  3809,  3815,  3816,  3820,  3823,
         3824,  3828,  3832,  3834,  3838,  3840,  3842,  3844,  3847,  3849,
         3852,  3858,  3868,  3869,  3873,  3878,  3879,  3880,  3882,  3886,
         3887,  3912,  3918,  3925,  3927,  3930,  3937,  3941,  3942,  3943,
         3945,  3952,  3958,  3959,  3970,  3973,  3974,  3977,  3979,  3980,
         3989,  3990,  3993,  4013,  4017,  4021,  4026,  4029,  4036,  4040,
         4045,  4059,  4060,  4062,  4069,  4070,  4071,  4072,  4077,  4088,
         4095,  4098,  4104,  4109,  4112,  4117,  4125,  4136,  4137,  4140,
         4146,  4147,  4150,  4161,  4162,  4163,  4172,  4176,  4181,  4185,
         4189,  4191,  4240,  4241,  4242,  4243,  4247,  4251,  4262,  4263,
         4267,  4268,  4275,  4279,  4285,  4289,  4293,  4307,  4308,  4313,
         4314,  4326,  4332,  4335,  4338,  4344,  4359,  4367,  4369,  4373,
         4374,  4381,  4383,  4385,  4389,  4392,  4396,  4397,  4398,  4401,
         4405,  4412,  4413,  4426,  4429,  4434,  4437,  4439,  4444,  4452,
         4459,  4460,  4462,  4477,  4480,  4486,  4489,  4490,  4497,  4498,
         4500,  4502,  4503,  4505,  4507,  4508,  4509,  4511,  4513,  4526,
         4530,  4532,  4533,  4538,  4540,  4544,  4545,  4562,  4567,  4570,
         4572,  4575,  4580,  4585,  4588,  4590,  4602,  4604,  4611,  4617,
         4625,  4627,  4629,  4632,  4635,  4641,  4642,  4643,  4645,  4648,
         4650,  4654,  4675,  4677,  4678,  4680,  4681,  4685,  4687,  4690,
         4704,  4708,  4711,  4719,  4721,  4723,  4727,  4732,  4734,  4740,
         4745,  4749,  4754,  4755,  4766,  4772,  4776,  4778,  4783,  4785,
         4798,  4805,  4807,  4808,  4810,  4817,  4818,  4819,  4824,  4827,
         4841,  4843,  4844,  4846,  4847,  4861,  4863,  4866,  4868,  4875,
         4877,  4879,  4880,  4888,  4896,  4901,  4902,  4903,  4906,  4910,
         4921,  4922,  4923,  4926,  4937,  4940,  4949,  4954,  4968,  4973,
         4977,  4985,  4986,  4988,  4989,  4995,  5003,  5004,  5006,  5009,
         5014,  5015,  5017,  5022,  5032,  5038,  5041,  5044,  5061,  5071,
         5074,  5077,  5086,  5087,  5088,  5090,  5095,  5102,  5107,  5108,
         5111,  5112,  5113,  5127,  5130,  5138,  5141,  5144,  5146,  5151,
         5162,  5173,  5177,  5181,  5192,  5197,  5198,  5199,  5202,  5211,
         5213,  5215,  5224,  5228,  5229,  5232,  5238,  5240,  5254,  5261,
         5267,  5271,  5286,  5319,  5320,  5321,  5332,  5340,  5341,  5347,
         5348,  5357,  5360,  5363,  5376,  5378,  5381,  5383,  5385,  5386,
         5387,  5388,  5390,  5408,  5415,  5419,  5420,  5424,  5425,  5427,
         5435,  5445,  5451,  5454,  5457,  5458,  5464,  5476,  5478,  5480,
         5500,  5509,  5511,  5517,  5526,  5527,  5531,  5534,  5542,  5548,
         5558,  5570,  5571,  5573,  5578,  5588,  5599,  5600,  5603,  5604,
         5608,  5609,  5618,  5622,  5628,  5636,  5652,  5656,  5658,  5660,
         5665,  5674,  5677,  5678,  5680,  5697,  5703,  5710,  5715,  5716,
         5722,  5723,  5726,  5752,  5756,  5760,  5767,  5771,  5781,  5785,
         5789,  5795,  5797,  5800,  5802
Total non-polymorphic = 1233


Population     4 [JB121807_01]  (Number of Individuals = 34)
****************
--------------------------------------------------------------------------
Lowest Allele Frequency Used     0.050       0.020       0.010         0+
--------------------------------------------------------------------------

LINKAGE DISEQUILIBRIUM METHOD

Harmonic Mean Sample Size =       31.0        31.1        31.1        31.1
Independent Comparisons =    5081513     7853675    10345010    10345010
OverAll r^2 =                  0.03729     0.03669     0.03629     0.03629
Expected r^2 Sample =          0.03507     0.03493     0.03490     0.03490
Estimated Ne^ =                  148.2       186.8       236.4       236.4

95% CIs for Ne^
* Parametric                     145.1       183.0       231.2       231.2
                                 151.3       190.7       241.9       241.9

* CIs by Jackknife are skipped when number of polymorphic loci > 100

**************************************************************************

Time: Sun Apr 15 13:53:58 2018

Non-polymorphic loci:     5,    10,    33,    38,    40,    44,    45,    46,
           47,    55,    56,    57,    68,    73,    74,    79,    82,    90,
           95,    96,   102,   108,   110,   112,   117,   122,   123,   127,
          132,   150,   152,   160,   164,   165,   173,   180,   181,   187,
          195,   201,   206,   215,   225,   235,   237,   242,   246,   264,
          267,   285,   288,   291,   292,   300,   319,   321,   323,   331,
          345,   350,   354,   356,   359,   362,   366,   367,   372,   386,
          395,   399,   402,   417,   422,   431,   433,   441,   449,   453,
          464,   472,   483,   487,   491,   493,   494,   498,   506,   507,
          518,   520,   529,   533,   537,   538,   549,   550,   555,   556,
          557,   560,   562,   563,   566,   568,   570,   582,   587,   598,
          599,   602,   606,   624,   636,   642,   647,   648,   670,   672,
          674,   682,   683,   697,   704,   706,   707,   715,   723,   727,
          734,   739,   741,   758,   759,   760,   774,   776,   782,   783,
          805,   818,   828,   834,   836,   850,   851,   854,   856,   859,
          862,   870,   876,   881,   887,   888,   893,   910,   916,   923,
          925,   928,   934,   937,   938,   941,   956,   957,   960,   967,
          968,   971,   972,   981,   982,   987,   988,   993,   997,  1002,
         1008,  1011,  1013,  1016,  1017,  1020,  1022,  1027,  1036,  1052,
         1063,  1068,  1073,  1075,  1078,  1086,  1093,  1096,  1101,  1103,
         1118,  1119,  1122,  1128,  1129,  1135,  1143,  1147,  1154,  1160,
         1169,  1172,  1182,  1183,  1188,  1199,  1205,  1207,  1213,  1221,
         1228,  1239,  1241,  1245,  1251,  1252,  1253,  1256,  1258,  1259,
         1260,  1263,  1269,  1270,  1278,  1288,  1296,  1297,  1298,  1303,
         1308,  1318,  1322,  1323,  1340,  1341,  1344,  1346,  1348,  1351,
         1353,  1355,  1357,  1360,  1363,  1365,  1368,  1371,  1375,  1378,
         1385,  1389,  1393,  1400,  1406,  1409,  1415,  1421,  1424,  1425,
         1437,  1442,  1450,  1459,  1466,  1468,  1469,  1476,  1481,  1484,
         1486,  1490,  1498,  1503,  1505,  1508,  1510,  1513,  1518,  1525,
         1543,  1564,  1567,  1568,  1585,  1586,  1588,  1592,  1593,  1600,
         1608,  1623,  1624,  1626,  1628,  1629,  1630,  1631,  1633,  1634,
         1636,  1637,  1638,  1639,  1640,  1645,  1651,  1654,  1658,  1662,
         1664,  1666,  1671,  1682,  1689,  1691,  1694,  1695,  1700,  1702,
         1718,  1727,  1732,  1737,  1746,  1751,  1757,  1762,  1774,  1776,
         1784,  1794,  1795,  1798,  1799,  1802,  1805,  1819,  1829,  1833,
         1838,  1841,  1844,  1861,  1864,  1866,  1873,  1883,  1889,  1893,
         1897,  1898,  1906,  1911,  1918,  1920,  1931,  1933,  1937,  1938,
         1953,  1955,  1962,  1963,  1967,  1982,  1985,  1993,  1996,  2005,
         2016,  2034,  2037,  2044,  2046,  2047,  2052,  2070,  2083,  2097,
         2101,  2103,  2104,  2111,  2113,  2116,  2123,  2126,  2145,  2154,
         2166,  2167,  2177,  2186,  2190,  2193,  2195,  2207,  2208,  2211,
         2218,  2221,  2230,  2235,  2243,  2249,  2260,  2263,  2273,  2279,
         2283,  2286,  2289,  2290,  2294,  2308,  2316,  2320,  2325,  2331,
         2336,  2339,  2340,  2345,  2348,  2366,  2373,  2377,  2378,  2380,
         2381,  2396,  2398,  2409,  2427,  2436,  2439,  2440,  2446,  2452,
         2453,  2454,  2459,  2460,  2461,  2471,  2476,  2483,  2487,  2490,
         2497,  2498,  2506,  2508,  2510,  2516,  2518,  2521,  2524,  2528,
         2535,  2537,  2545,  2554,  2572,  2573,  2575,  2581,  2582,  2583,
         2594,  2597,  2598,  2600,  2611,  2615,  2617,  2622,  2632,  2634,
         2642,  2645,  2647,  2649,  2650,  2656,  2667,  2672,  2676,  2677,
         2687,  2695,  2698,  2700,  2705,  2706,  2708,  2711,  2720,  2725,
         2730,  2731,  2742,  2744,  2748,  2762,  2777,  2780,  2784,  2796,
         2799,  2800,  2816,  2817,  2818,  2841,  2849,  2855,  2859,  2861,
         2862,  2864,  2866,  2869,  2872,  2877,  2879,  2881,  2882,  2886,
         2888,  2896,  2898,  2905,  2909,  2940,  2941,  2944,  2946,  2949,
         2957,  2960,  2961,  2962,  2964,  2965,  2968,  2973,  2979,  2985,
         3003,  3004,  3017,  3018,  3029,  3034,  3041,  3046,  3059,  3065,
         3070,  3084,  3090,  3101,  3112,  3114,  3121,  3137,  3141,  3150,
         3151,  3157,  3159,  3169,  3174,  3185,  3193,  3196,  3203,  3206,
         3209,  3213,  3226,  3227,  3228,  3238,  3241,  3245,  3247,  3250,
         3257,  3259,  3264,  3265,  3276,  3277,  3286,  3290,  3295,  3297,
         3299,  3316,  3318,  3322,  3324,  3328,  3335,  3341,  3342,  3356,
         3366,  3376,  3395,  3397,  3400,  3405,  3412,  3420,  3432,  3436,
         3438,  3441,  3446,  3454,  3455,  3462,  3471,  3475,  3477,  3478,
         3480,  3485,  3487,  3497,  3500,  3501,  3505,  3506,  3507,  3509,
         3514,  3520,  3527,  3535,  3547,  3551,  3578,  3583,  3587,  3599,
         3600,  3602,  3606,  3617,  3618,  3621,  3625,  3642,  3646,  3656,
         3668,  3684,  3686,  3689,  3694,  3695,  3704,  3707,  3718,  3719,
         3724,  3730,  3752,  3753,  3761,  3762,  3764,  3783,  3784,  3786,
         3797,  3801,  3804,  3809,  3815,  3816,  3820,  3824,  3832,  3838,
         3844,  3849,  3852,  3860,  3873,  3878,  3879,  3912,  3921,  3930,
         3941,  3942,  3945,  3952,  3973,  3977,  3980,  3990,  3993,  3999,
         4009,  4013,  4017,  4021,  4031,  4033,  4042,  4048,  4059,  4060,
         4062,  4063,  4065,  4070,  4071,  4072,  4077,  4078,  4088,  4089,
         4098,  4104,  4105,  4109,  4112,  4117,  4125,  4137,  4140,  4146,
         4147,  4149,  4150,  4161,  4162,  4163,  4172,  4176,  4181,  4185,
         4191,  4193,  4194,  4199,  4211,  4241,  4242,  4247,  4251,  4263,
         4267,  4268,  4279,  4281,  4289,  4293,  4308,  4313,  4314,  4326,
         4335,  4338,  4342,  4344,  4351,  4359,  4367,  4373,  4374,  4385,
         4389,  4392,  4394,  4396,  4397,  4398,  4401,  4405,  4412,  4417,
         4429,  4439,  4444,  4448,  4452,  4459,  4460,  4467,  4477,  4489,
         4490,  4498,  4500,  4502,  4503,  4505,  4507,  4508,  4511,  4529,
         4530,  4537,  4538,  4540,  4545,  4554,  4556,  4562,  4570,  4573,
         4575,  4578,  4580,  4585,  4588,  4590,  4604,  4611,  4613,  4616,
         4625,  4626,  4627,  4632,  4635,  4641,  4643,  4644,  4645,  4648,
         4650,  4654,  4675,  4677,  4681,  4687,  4690,  4701,  4719,  4721,
         4722,  4723,  4727,  4730,  4740,  4743,  4745,  4749,  4754,  4755,
         4766,  4772,  4776,  4778,  4780,  4785,  4790,  4798,  4799,  4805,
         4807,  4817,  4818,  4819,  4823,  4826,  4831,  4835,  4841,  4843,
         4844,  4846,  4847,  4861,  4863,  4866,  4868,  4875,  4879,  4880,
         4891,  4896,  4900,  4901,  4902,  4903,  4906,  4908,  4909,  4910,
         4922,  4923,  4926,  4937,  4940,  4946,  4949,  4954,  4973,  4977,
         4988,  4989,  5003,  5006,  5017,  5022,  5032,  5037,  5038,  5044,
         5061,  5064,  5071,  5086,  5088,  5090,  5095,  5102,  5107,  5108,
         5112,  5113,  5118,  5127,  5130,  5138,  5144,  5147,  5151,  5156,
         5198,  5199,  5202,  5205,  5211,  5215,  5224,  5228,  5229,  5232,
         5238,  5243,  5254,  5261,  5266,  5267,  5271,  5286,  5298,  5305,
         5306,  5315,  5319,  5321,  5323,  5325,  5326,  5332,  5340,  5341,
         5354,  5376,  5378,  5381,  5383,  5385,  5386,  5388,  5390,  5414,
         5415,  5427,  5428,  5434,  5435,  5445,  5454,  5458,  5462,  5464,
         5476,  5480,  5483,  5500,  5506,  5509,  5511,  5515,  5518,  5531,
         5534,  5541,  5542,  5548,  5551,  5578,  5588,  5590,  5599,  5600,
         5604,  5608,  5609,  5611,  5628,  5636,  5644,  5656,  5657,  5660,
         5665,  5677,  5696,  5697,  5699,  5700,  5703,  5715,  5718,  5722,
         5723,  5744,  5760,  5778,  5785,  5789,  5795,  5797,  5798,  5800
Total non-polymorphic = 1048


Population     5 [JB021108_02.1]  (Number of Individuals = 39)
****************
--------------------------------------------------------------------------
Lowest Allele Frequency Used     0.050       0.020       0.010         0+
--------------------------------------------------------------------------

LINKAGE DISEQUILIBRIUM METHOD

Harmonic Mean Sample Size =       35.0        35.1        35.1        35.1
Independent Comparisons =    5543018     8584818    11198459    11198459
OverAll r^2 =                  0.03109     0.03095     0.03100     0.03100
Expected r^2 Sample =          0.03054     0.03046     0.03049     0.03049
Estimated Ne^ =                  605.0       685.7       654.8       654.8

95% CIs for Ne^
* Parametric                     567.0       646.5       623.2       623.2
                                 648.3       729.9       689.8       689.8

* CIs by Jackknife are skipped when number of polymorphic loci > 100

**************************************************************************

Time: Sun Apr 15 13:57:36 2018

Non-polymorphic loci:     5,    10,    23,    31,    33,    34,    35,    38,
           40,    42,    44,    45,    46,    51,    55,    56,    57,    68,
           70,    79,    82,    86,    91,    95,   106,   107,   108,   110,
          112,   117,   122,   123,   127,   128,   132,   133,   148,   149,
          150,   152,   155,   160,   164,   165,   168,   173,   180,   183,
          186,   187,   192,   194,   195,   201,   203,   206,   207,   215,
          217,   224,   225,   235,   237,   239,   242,   246,   264,   265,
          267,   270,   274,   284,   285,   288,   291,   292,   295,   296,
          300,   301,   306,   321,   323,   326,   327,   331,   335,   338,
          340,   345,   350,   353,   354,   356,   359,   362,   366,   371,
          372,   379,   385,   386,   389,   395,   399,   400,   404,   415,
          417,   419,   422,   424,   433,   437,   440,   441,   453,   470,
          479,   483,   487,   489,   491,   494,   496,   498,   506,   511,
          512,   520,   523,   529,   530,   532,   533,   538,   545,   549,
          550,   555,   556,   557,   560,   563,   565,   567,   568,   570,
          571,   572,   573,   575,   581,   582,   584,   598,   599,   602,
          604,   606,   612,   624,   625,   629,   636,   642,   643,   645,
          647,   648,   651,   666,   670,   672,   674,   676,   678,   681,
          682,   697,   701,   706,   715,   719,   723,   727,   732,   734,
          739,   740,   741,   748,   755,   758,   760,   769,   773,   774,
          775,   776,   782,   783,   788,   792,   795,   799,   805,   818,
          820,   834,   836,   837,   838,   845,   846,   850,   854,   856,
          859,   861,   862,   870,   872,   876,   879,   887,   888,   893,
          900,   913,   916,   923,   926,   928,   934,   937,   938,   941,
          945,   956,   957,   959,   960,   962,   967,   968,   971,   972,
          974,   979,   982,   983,   987,   988,   993,   997,  1002,  1008,
         1011,  1012,  1017,  1022,  1024,  1025,  1027,  1031,  1036,  1043,
         1045,  1046,  1052,  1063,  1070,  1072,  1073,  1074,  1075,  1076,
         1078,  1080,  1086,  1090,  1093,  1094,  1096,  1097,  1101,  1103,
         1112,  1117,  1118,  1119,  1122,  1128,  1129,  1133,  1135,  1142,
         1143,  1152,  1154,  1155,  1160,  1163,  1164,  1169,  1172,  1183,
         1185,  1188,  1192,  1199,  1205,  1207,  1213,  1215,  1221,  1226,
         1228,  1235,  1239,  1241,  1245,  1251,  1252,  1253,  1255,  1258,
         1259,  1260,  1263,  1268,  1269,  1270,  1273,  1278,  1294,  1296,
         1297,  1298,  1300,  1303,  1306,  1315,  1317,  1318,  1322,  1323,
         1330,  1336,  1340,  1344,  1346,  1348,  1349,  1351,  1353,  1355,
         1357,  1363,  1365,  1366,  1368,  1371,  1373,  1375,  1376,  1378,
         1387,  1388,  1389,  1393,  1394,  1400,  1401,  1404,  1409,  1413,
         1415,  1421,  1424,  1425,  1427,  1428,  1429,  1436,  1437,  1442,
         1447,  1450,  1454,  1459,  1460,  1463,  1466,  1468,  1469,  1476,
         1479,  1482,  1484,  1486,  1490,  1498,  1501,  1503,  1505,  1510,
         1513,  1514,  1518,  1519,  1525,  1526,  1528,  1531,  1541,  1543,
         1545,  1553,  1556,  1563,  1564,  1567,  1569,  1577,  1581,  1583,
         1584,  1586,  1588,  1592,  1593,  1597,  1600,  1611,  1617,  1618,
         1623,  1624,  1626,  1628,  1631,  1633,  1634,  1635,  1636,  1637,
         1638,  1640,  1651,  1655,  1658,  1659,  1664,  1666,  1670,  1671,
         1675,  1682,  1689,  1692,  1694,  1695,  1700,  1702,  1718,  1721,
         1725,  1733,  1737,  1738,  1741,  1743,  1745,  1746,  1748,  1751,
         1755,  1757,  1762,  1774,  1776,  1778,  1783,  1784,  1787,  1790,
         1793,  1794,  1795,  1797,  1802,  1805,  1829,  1831,  1833,  1838,
         1840,  1841,  1844,  1848,  1854,  1859,  1861,  1864,  1866,  1870,
         1873,  1878,  1883,  1884,  1893,  1897,  1899,  1907,  1911,  1918,
         1920,  1924,  1931,  1937,  1938,  1939,  1951,  1953,  1955,  1963,
         1967,  1968,  1979,  1982,  1985,  1989,  1990,  1993,  1996,  1998,
         1999,  2001,  2004,  2005,  2012,  2036,  2037,  2039,  2042,  2046,
         2047,  2051,  2052,  2063,  2064,  2067,  2070,  2078,  2083,  2092,
         2097,  2101,  2102,  2107,  2109,  2110,  2111,  2113,  2120,  2122,
         2123,  2126,  2131,  2134,  2138,  2139,  2140,  2145,  2146,  2154,
         2157,  2159,  2163,  2166,  2175,  2177,  2179,  2187,  2190,  2193,
         2195,  2200,  2207,  2208,  2211,  2213,  2215,  2218,  2221,  2224,
         2229,  2230,  2235,  2239,  2243,  2247,  2249,  2254,  2260,  2263,
         2270,  2272,  2273,  2274,  2279,  2286,  2289,  2290,  2294,  2299,
         2308,  2320,  2321,  2322,  2324,  2325,  2329,  2330,  2336,  2339,
         2340,  2343,  2344,  2345,  2348,  2355,  2366,  2369,  2373,  2377,
         2378,  2380,  2393,  2396,  2398,  2409,  2414,  2416,  2419,  2427,
         2436,  2437,  2439,  2440,  2445,  2446,  2448,  2452,  2453,  2454,
         2460,  2461,  2465,  2471,  2474,  2476,  2478,  2480,  2484,  2485,
         2486,  2487,  2489,  2494,  2498,  2500,  2506,  2508,  2510,  2512,
         2514,  2516,  2518,  2522,  2525,  2534,  2535,  2537,  2540,  2541,
         2542,  2543,  2545,  2553,  2554,  2559,  2563,  2567,  2572,  2573,
         2575,  2576,  2577,  2581,  2582,  2583,  2592,  2594,  2597,  2598,
         2599,  2600,  2609,  2617,  2620,  2625,  2632,  2635,  2641,  2642,
         2643,  2646,  2647,  2649,  2650,  2656,  2662,  2663,  2666,  2667,
         2669,  2672,  2677,  2679,  2687,  2688,  2690,  2698,  2700,  2705,
         2706,  2708,  2711,  2712,  2720,  2722,  2724,  2725,  2726,  2730,
         2731,  2734,  2742,  2743,  2744,  2745,  2748,  2756,  2757,  2762,
         2774,  2777,  2780,  2784,  2789,  2796,  2797,  2800,  2810,  2813,
         2816,  2817,  2818,  2839,  2841,  2842,  2845,  2846,  2858,  2861,
         2862,  2864,  2866,  2872,  2877,  2879,  2881,  2882,  2886,  2888,
         2890,  2891,  2896,  2898,  2901,  2905,  2906,  2909,  2918,  2933,
         2940,  2941,  2942,  2944,  2946,  2949,  2955,  2957,  2960,  2961,
         2962,  2964,  2965,  2968,  2972,  2973,  2978,  2979,  2981,  2982,
         2983,  2985,  2999,  3003,  3004,  3007,  3012,  3017,  3018,  3023,
         3028,  3029,  3034,  3041,  3042,  3046,  3049,  3053,  3059,  3065,
         3078,  3084,  3086,  3090,  3099,  3101,  3102,  3105,  3107,  3108,
         3112,  3113,  3114,  3115,  3137,  3138,  3141,  3142,  3144,  3150,
         3151,  3155,  3157,  3159,  3160,  3169,  3172,  3174,  3181,  3185,
         3187,  3190,  3191,  3193,  3196,  3200,  3206,  3209,  3213,  3216,
         3221,  3226,  3232,  3238,  3240,  3241,  3245,  3247,  3249,  3251,
         3253,  3257,  3259,  3260,  3263,  3264,  3265,  3266,  3276,  3277,
         3284,  3286,  3290,  3295,  3296,  3297,  3299,  3300,  3302,  3305,
         3308,  3309,  3313,  3316,  3317,  3318,  3322,  3324,  3328,  3331,
         3333,  3335,  3338,  3339,  3341,  3342,  3352,  3354,  3356,  3358,
         3364,  3366,  3376,  3381,  3383,  3395,  3402,  3405,  3407,  3412,
         3413,  3420,  3427,  3429,  3432,  3436,  3438,  3441,  3443,  3446,
         3454,  3455,  3462,  3465,  3466,  3468,  3471,  3475,  3477,  3478,
         3485,  3487,  3490,  3494,  3495,  3497,  3500,  3501,  3505,  3509,
         3514,  3520,  3524,  3526,  3534,  3535,  3536,  3546,  3547,  3553,
         3562,  3573,  3578,  3583,  3587,  3594,  3595,  3596,  3599,  3600,
         3602,  3617,  3618,  3621,  3625,  3629,  3639,  3642,  3643,  3646,
         3653,  3656,  3659,  3660,  3668,  3672,  3682,  3685,  3686,  3689,
         3701,  3704,  3707,  3712,  3714,  3717,  3718,  3719,  3721,  3730,
         3738,  3739,  3742,  3746,  3752,  3753,  3762,  3763,  3764,  3771,
         3775,  3781,  3782,  3784,  3786,  3787,  3794,  3796,  3797,  3801,
         3804,  3809,  3815,  3816,  3820,  3824,  3828,  3832,  3838,  3840,
         3842,  3844,  3849,  3851,  3852,  3858,  3859,  3860,  3863,  3868,
         3869,  3873,  3878,  3879,  3880,  3882,  3887,  3896,  3907,  3912,
         3916,  3921,  3924,  3925,  3927,  3942,  3943,  3945,  3952,  3959,
         3969,  3970,  3973,  3974,  3977,  3979,  3980,  3989,  3990,  3993,
         3999,  4003,  4007,  4009,  4013,  4017,  4021,  4022,  4026,  4029,
         4037,  4042,  4043,  4045,  4048,  4059,  4060,  4062,  4063,  4064,
         4069,  4070,  4072,  4077,  4078,  4080,  4088,  4089,  4091,  4094,
         4095,  4098,  4105,  4109,  4110,  4112,  4114,  4125,  4134,  4137,
         4140,  4141,  4142,  4146,  4147,  4149,  4150,  4163,  4170,  4172,
         4176,  4180,  4181,  4183,  4185,  4189,  4191,  4192,  4194,  4198,
         4230,  4231,  4240,  4241,  4242,  4247,  4251,  4254,  4257,  4262,
         4263,  4265,  4267,  4268,  4272,  4275,  4279,  4285,  4286,  4289,
         4293,  4303,  4305,  4308,  4311,  4313,  4314,  4317,  4321,  4325,
         4326,  4335,  4339,  4342,  4349,  4356,  4359,  4365,  4367,  4369,
         4372,  4373,  4374,  4381,  4383,  4389,  4390,  4394,  4396,  4397,
         4401,  4404,  4405,  4409,  4410,  4412,  4417,  4426,  4429,  4437,
         4439,  4444,  4448,  4451,  4452,  4458,  4459,  4460,  4467,  4468,
         4477,  4480,  4486,  4489,  4490,  4494,  4498,  4500,  4503,  4505,
         4507,  4508,  4529,  4533,  4537,  4538,  4544,  4545,  4554,  4562,
         4570,  4573,  4575,  4580,  4585,  4588,  4602,  4604,  4611,  4621,
         4625,  4627,  4632,  4635,  4641,  4643,  4644,  4645,  4648,  4650,
         4654,  4672,  4675,  4677,  4678,  4681,  4685,  4687,  4690,  4698,
         4708,  4711,  4714,  4717,  4719,  4721,  4723,  4725,  4727,  4728,
         4730,  4732,  4739,  4740,  4743,  4745,  4749,  4754,  4755,  4757,
         4758,  4766,  4772,  4776,  4777,  4778,  4779,  4780,  4785,  4790,
         4792,  4798,  4799,  4806,  4807,  4812,  4816,  4817,  4818,  4819,
         4829,  4835,  4836,  4837,  4841,  4843,  4844,  4846,  4847,  4853,
         4861,  4863,  4868,  4873,  4875,  4879,  4880,  4886,  4891,  4896,
         4900,  4901,  4902,  4903,  4906,  4909,  4910,  4913,  4918,  4919,
         4922,  4923,  4926,  4935,  4937,  4939,  4940,  4949,  4954,  4959,
         4961,  4968,  4970,  4973,  4977,  4982,  4985,  4986,  4988,  4995,
         4996,  5002,  5003,  5006,  5009,  5017,  5019,  5022,  5025,  5032,
         5035,  5038,  5043,  5044,  5058,  5059,  5061,  5064,  5069,  5071,
         5072,  5075,  5077,  5086,  5088,  5097,  5098,  5102,  5107,  5108,
         5111,  5112,  5113,  5123,  5127,  5130,  5138,  5141,  5144,  5145,
         5147,  5151,  5159,  5166,  5170,  5173,  5177,  5181,  5182,  5192,
         5196,  5197,  5198,  5199,  5200,  5202,  5208,  5211,  5215,  5218,
         5219,  5224,  5228,  5232,  5238,  5240,  5247,  5254,  5261,  5267,
         5271,  5284,  5286,  5295,  5297,  5305,  5306,  5315,  5319,  5320,
         5321,  5325,  5327,  5332,  5337,  5340,  5341,  5347,  5348,  5352,
         5354,  5357,  5360,  5363,  5370,  5373,  5376,  5378,  5379,  5381,
         5382,  5383,  5384,  5385,  5386,  5388,  5390,  5408,  5413,  5415,
         5421,  5425,  5427,  5434,  5435,  5445,  5454,  5457,  5458,  5462,
         5464,  5471,  5477,  5478,  5480,  5483,  5484,  5488,  5500,  5506,
         5509,  5515,  5518,  5523,  5534,  5541,  5542,  5548,  5552,  5556,
         5570,  5571,  5573,  5578,  5588,  5590,  5596,  5599,  5600,  5603,
         5604,  5608,  5609,  5611,  5618,  5625,  5628,  5634,  5636,  5641,
         5644,  5645,  5656,  5657,  5658,  5660,  5665,  5672,  5674,  5677,
         5678,  5684,  5696,  5697,  5699,  5700,  5703,  5705,  5708,  5710,
         5715,  5717,  5718,  5722,  5723,  5732,  5737,  5751,  5758,  5760,
         5761,  5766,  5767,  5771,  5778,  5782,  5785,  5789,  5794,  5795,
         5796,  5797,  5800,  5802
Total non-polymorphic = 1562


Population     6 [GEO020414_11_300]  (Number of Individuals = 21)
****************
--------------------------------------------------------------------------
Lowest Allele Frequency Used     0.050       0.020       0.010         0+
--------------------------------------------------------------------------

LINKAGE DISEQUILIBRIUM METHOD

Harmonic Mean Sample Size =       19.4        19.5        19.5        19.5
Independent Comparisons =    5262871     8894342     8894342     8894342
OverAll r^2 =                  0.06029     0.05970     0.05970     0.05970
Expected r^2 Sample =          0.05967     0.05937     0.05937     0.05937
Estimated Ne^ =                  495.1       938.7       938.7       938.7

95% CIs for Ne^
* Parametric                     442.8       802.4       802.4       802.4
                                 561.2      1130.4      1130.4      1130.4

* CIs by Jackknife are skipped when number of polymorphic loci > 100

**************************************************************************

Time: Sun Apr 15 13:59:25 2018

Non-polymorphic loci:    10,    16,    20,    22,    24,    29,    34,    38,
           42,    44,    45,    51,    55,    57,    70,    73,    74,    75,
           80,    89,    91,    97,   108,   112,   132,   143,   155,   158,
          160,   167,   173,   181,   189,   192,   194,   198,   207,   208,
          220,   221,   224,   225,   234,   235,   238,   242,   261,   267,
          271,   273,   274,   275,   280,   283,   284,   285,   297,   300,
          313,   316,   317,   319,   321,   323,   327,   331,   343,   344,
          355,   356,   366,   381,   387,   393,   398,   404,   411,   417,
          424,   428,   437,   439,   440,   441,   442,   443,   449,   462,
          464,   474,   479,   483,   487,   490,   491,   493,   496,   499,
          519,   525,   526,   527,   528,   534,   537,   538,   539,   541,
          543,   563,   572,   577,   582,   584,   587,   593,   595,   599,
          605,   631,   634,   642,   645,   662,   664,   666,   682,   701,
          708,   711,   720,   723,   726,   727,   739,   742,   749,   753,
          769,   772,   776,   784,   788,   792,   799,   803,   816,   825,
          838,   839,   844,   845,   849,   851,   855,   870,   873,   876,
          879,   881,   885,   893,   894,   914,   924,   925,   932,   934,
          935,   938,   941,   942,   944,   955,   959,   965,   971,   979,
          986,   988,   993,   995,  1002,  1006,  1010,  1013,  1015,  1021,
         1024,  1027,  1034,  1036,  1045,  1048,  1052,  1053,  1064,  1068,
         1072,  1073,  1076,  1080,  1082,  1086,  1094,  1097,  1103,  1118,
         1119,  1121,  1128,  1140,  1147,  1149,  1153,  1155,  1158,  1159,
         1160,  1166,  1171,  1182,  1183,  1208,  1214,  1224,  1227,  1236,
         1239,  1241,  1259,  1261,  1273,  1276,  1277,  1278,  1297,  1298,
         1300,  1304,  1306,  1325,  1333,  1337,  1346,  1348,  1349,  1350,
         1357,  1366,  1376,  1385,  1395,  1400,  1401,  1415,  1421,  1441,
         1445,  1459,  1463,  1466,  1468,  1486,  1487,  1500,  1507,  1508,
         1513,  1514,  1518,  1519,  1526,  1528,  1541,  1542,  1543,  1547,
         1550,  1556,  1560,  1563,  1564,  1565,  1567,  1569,  1570,  1573,
         1575,  1585,  1586,  1589,  1590,  1594,  1597,  1604,  1605,  1608,
         1610,  1618,  1624,  1629,  1633,  1639,  1658,  1659,  1663,  1665,
         1669,  1698,  1718,  1719,  1721,  1725,  1729,  1732,  1733,  1735,
         1738,  1751,  1752,  1757,  1765,  1769,  1772,  1774,  1779,  1783,
         1785,  1787,  1794,  1802,  1806,  1808,  1815,  1817,  1827,  1830,
         1833,  1840,  1844,  1854,  1862,  1864,  1865,  1870,  1873,  1875,
         1884,  1888,  1889,  1890,  1896,  1899,  1911,  1928,  1930,  1931,
         1951,  1953,  1959,  1960,  1967,  1968,  1985,  1996,  1999,  2001,
         2004,  2012,  2016,  2020,  2023,  2038,  2039,  2054,  2057,  2066,
         2067,  2070,  2079,  2083,  2097,  2102,  2103,  2110,  2111,  2116,
         2119,  2124,  2125,  2126,  2130,  2131,  2132,  2137,  2140,  2148,
         2154,  2157,  2163,  2164,  2167,  2180,  2184,  2186,  2188,  2190,
         2192,  2196,  2200,  2207,  2212,  2213,  2215,  2222,  2229,  2232,
         2234,  2243,  2247,  2249,  2254,  2259,  2263,  2270,  2271,  2276,
         2281,  2296,  2308,  2330,  2336,  2347,  2355,  2364,  2397,  2400,
         2401,  2409,  2412,  2416,  2418,  2420,  2423,  2424,  2434,  2436,
         2454,  2471,  2473,  2485,  2498,  2500,  2506,  2508,  2524,  2528,
         2538,  2542,  2550,  2554,  2556,  2559,  2567,  2571,  2572,  2576,
         2577,  2583,  2585,  2587,  2606,  2609,  2611,  2613,  2617,  2622,
         2626,  2629,  2647,  2648,  2658,  2659,  2662,  2663,  2667,  2669,
         2681,  2687,  2688,  2700,  2705,  2712,  2719,  2720,  2724,  2725,
         2731,  2746,  2747,  2757,  2762,  2768,  2771,  2775,  2780,  2785,
         2796,  2797,  2808,  2810,  2818,  2824,  2827,  2829,  2834,  2836,
         2838,  2842,  2845,  2847,  2852,  2855,  2858,  2860,  2864,  2877,
         2882,  2888,  2890,  2892,  2896,  2903,  2918,  2923,  2930,  2931,
         2932,  2939,  2941,  2942,  2944,  2946,  2951,  2957,  2960,  2968,
         2975,  2976,  2979,  2987,  3004,  3018,  3021,  3025,  3037,  3040,
         3041,  3049,  3050,  3058,  3070,  3073,  3078,  3090,  3101,  3104,
         3114,  3121,  3123,  3126,  3127,  3142,  3145,  3150,  3163,  3164,
         3172,  3176,  3177,  3185,  3188,  3206,  3207,  3209,  3216,  3218,
         3221,  3227,  3229,  3235,  3241,  3245,  3246,  3253,  3257,  3265,
         3266,  3278,  3287,  3302,  3305,  3306,  3307,  3311,  3315,  3316,
         3323,  3341,  3342,  3346,  3366,  3377,  3412,  3413,  3414,  3420,
         3421,  3422,  3429,  3430,  3441,  3444,  3445,  3453,  3454,  3462,
         3471,  3474,  3475,  3487,  3492,  3495,  3497,  3501,  3504,  3506,
         3517,  3531,  3538,  3546,  3551,  3553,  3560,  3562,  3579,  3586,
         3593,  3598,  3606,  3608,  3614,  3619,  3621,  3622,  3634,  3646,
         3658,  3660,  3662,  3663,  3665,  3672,  3676,  3682,  3685,  3688,
         3690,  3691,  3694,  3701,  3714,  3719,  3728,  3731,  3734,  3735,
         3746,  3748,  3749,  3759,  3782,  3788,  3797,  3802,  3804,  3809,
         3810,  3811,  3815,  3822,  3823,  3828,  3832,  3834,  3854,  3866,
         3884,  3885,  3887,  3889,  3891,  3896,  3899,  3900,  3903,  3909,
         3912,  3916,  3927,  3932,  3936,  3939,  3956,  3958,  3967,  3972,
         3974,  3979,  3980,  3988,  3989,  3995,  3999,  4002,  4006,  4019,
         4021,  4026,  4031,  4034,  4036,  4037,  4043,  4047,  4051,  4064,
         4065,  4069,  4070,  4071,  4078,  4079,  4081,  4086,  4095,  4099,
         4105,  4112,  4121,  4141,  4152,  4157,  4158,  4161,  4163,  4170,
         4173,  4176,  4183,  4191,  4192,  4193,  4198,  4228,  4230,  4233,
         4251,  4252,  4253,  4268,  4271,  4272,  4274,  4281,  4285,  4286,
         4294,  4300,  4303,  4305,  4308,  4311,  4312,  4315,  4317,  4327,
         4328,  4331,  4332,  4334,  4339,  4350,  4367,  4376,  4381,  4386,
         4390,  4393,  4394,  4398,  4412,  4417,  4435,  4437,  4447,  4452,
         4472,  4476,  4491,  4496,  4497,  4507,  4509,  4510,  4512,  4518,
         4520,  4525,  4532,  4538,  4540,  4544,  4545,  4548,  4549,  4554,
         4563,  4568,  4569,  4573,  4579,  4585,  4588,  4589,  4592,  4604,
         4610,  4613,  4616,  4617,  4622,  4624,  4625,  4626,  4627,  4645,
         4670,  4677,  4680,  4681,  4682,  4688,  4690,  4698,  4701,  4702,
         4704,  4705,  4723,  4727,  4740,  4744,  4753,  4757,  4758,  4761,
         4762,  4771,  4772,  4783,  4785,  4798,  4804,  4810,  4814,  4819,
         4827,  4829,  4830,  4836,  4843,  4844,  4851,  4864,  4866,  4875,
         4888,  4892,  4906,  4908,  4914,  4916,  4920,  4926,  4927,  4934,
         4937,  4939,  4952,  4961,  4968,  4969,  4970,  4971,  4975,  4980,
         4983,  4986,  4988,  4989,  4995,  4998,  5002,  5004,  5014,  5023,
         5025,  5029,  5038,  5040,  5043,  5044,  5052,  5056,  5069,  5073,
         5075,  5080,  5099,  5102,  5118,  5132,  5141,  5142,  5146,  5170,
         5175,  5181,  5182,  5183,  5186,  5192,  5196,  5197,  5199,  5202,
         5205,  5213,  5215,  5219,  5225,  5230,  5238,  5261,  5267,  5280,
         5297,  5298,  5305,  5306,  5311,  5313,  5315,  5318,  5319,  5325,
         5326,  5327,  5351,  5354,  5357,  5370,  5373,  5374,  5376,  5378,
         5379,  5381,  5384,  5386,  5387,  5390,  5391,  5395,  5408,  5420,
         5421,  5424,  5425,  5434,  5435,  5441,  5445,  5462,  5468,  5488,
         5494,  5497,  5512,  5515,  5521,  5523,  5542,  5543,  5545,  5548,
         5549,  5570,  5581,  5590,  5599,  5604,  5609,  5611,  5614,  5615,
         5621,  5632,  5633,  5649,  5656,  5658,  5662,  5666,  5672,  5674,
         5696,  5697,  5703,  5705,  5710,  5716,  5718,  5721,  5747,  5753,
         5756,  5761,  5777,  5785,  5794
Total non-polymorphic = 1043


Population     7 [YS_121316_01]  (Number of Individuals = 25)
****************
--------------------------------------------------------------------------
Lowest Allele Frequency Used     0.050       0.020       0.010         0+
--------------------------------------------------------------------------

LINKAGE DISEQUILIBRIUM METHOD

Harmonic Mean Sample Size =       23.1        23.1        23.1        23.1
Independent Comparisons =    5870907    11211822    11211822    11211822
OverAll r^2 =                  0.04946     0.04922     0.04922     0.04922
Expected r^2 Sample =          0.04889     0.04890     0.04890     0.04890
Estimated Ne^ =                  541.9       943.4       943.4       943.4

95% CIs for Ne^
* Parametric                     492.5       838.3       838.3       838.3
                                 602.2      1078.3      1078.3      1078.3

* CIs by Jackknife are skipped when number of polymorphic loci > 100

**************************************************************************

Time: Sun Apr 15 14:02:05 2018

Non-polymorphic loci:     5,    16,    20,    26,    29,    31,    34,    36,
           38,    42,    44,    46,    47,    48,    51,    55,    69,    73,
           76,    79,    80,    82,    90,    94,   106,   108,   112,   120,
          123,   131,   133,   147,   152,   160,   161,   165,   180,   182,
          189,   192,   194,   195,   206,   208,   212,   214,   220,   235,
          238,   242,   243,   264,   268,   270,   274,   277,   278,   279,
          283,   284,   285,   294,   297,   300,   312,   313,   316,   317,
          319,   321,   331,   343,   344,   354,   355,   356,   366,   370,
          387,   393,   401,   402,   407,   408,   411,   424,   428,   430,
          431,   439,   441,   442,   449,   453,   469,   474,   481,   483,
          488,   491,   493,   499,   509,   519,   526,   527,   537,   538,
          541,   544,   545,   553,   561,   572,   577,   598,   599,   605,
          606,   631,   634,   645,   648,   654,   660,   670,   681,   682,
          683,   686,   691,   697,   701,   707,   708,   714,   720,   721,
          724,   726,   727,   756,   758,   773,   774,   775,   776,   784,
          792,   799,   816,   818,   822,   825,   833,   845,   873,   876,
          877,   879,   881,   888,   924,   925,   926,   932,   941,   942,
          945,   956,   965,   971,   972,   974,   979,   982,   984,   986,
          988,   993,   995,  1007,  1010,  1015,  1024,  1034,  1037,  1038,
         1043,  1045,  1048,  1056,  1064,  1072,  1076,  1080,  1082,  1090,
         1094,  1097,  1103,  1118,  1120,  1125,  1140,  1149,  1158,  1160,
         1174,  1183,  1184,  1188,  1205,  1208,  1214,  1222,  1227,  1239,
         1241,  1245,  1248,  1253,  1255,  1261,  1275,  1276,  1277,  1289,
         1292,  1294,  1296,  1300,  1325,  1327,  1333,  1334,  1337,  1349,
         1350,  1351,  1353,  1357,  1358,  1366,  1367,  1378,  1385,  1395,
         1400,  1401,  1409,  1415,  1418,  1424,  1425,  1436,  1441,  1443,
         1451,  1459,  1463,  1466,  1476,  1478,  1486,  1487,  1492,  1500,
         1507,  1510,  1514,  1519,  1522,  1523,  1526,  1528,  1541,  1542,
         1547,  1552,  1556,  1560,  1563,  1564,  1567,  1570,  1572,  1575,
         1577,  1585,  1604,  1605,  1608,  1609,  1610,  1618,  1621,  1629,
         1633,  1636,  1638,  1653,  1659,  1665,  1678,  1684,  1689,  1694,
         1697,  1698,  1701,  1702,  1705,  1710,  1711,  1718,  1719,  1725,
         1729,  1732,  1733,  1737,  1738,  1743,  1745,  1750,  1751,  1756,
         1764,  1765,  1770,  1772,  1774,  1787,  1794,  1801,  1808,  1819,
         1830,  1833,  1851,  1853,  1862,  1864,  1865,  1866,  1868,  1873,
         1875,  1883,  1884,  1917,  1925,  1928,  1933,  1937,  1948,  1949,
         1953,  1967,  1968,  1982,  1984,  1985,  1995,  1996,  2001,  2004,
         2009,  2012,  2016,  2017,  2020,  2022,  2037,  2038,  2044,  2052,
         2065,  2070,  2079,  2083,  2101,  2102,  2111,  2116,  2119,  2125,
         2140,  2141,  2148,  2154,  2157,  2159,  2164,  2167,  2175,  2180,
         2184,  2186,  2190,  2192,  2193,  2196,  2222,  2229,  2232,  2239,
         2254,  2267,  2270,  2271,  2283,  2290,  2301,  2303,  2308,  2320,
         2322,  2325,  2330,  2334,  2336,  2340,  2347,  2354,  2360,  2364,
         2369,  2372,  2373,  2382,  2398,  2400,  2410,  2416,  2418,  2420,
         2423,  2424,  2434,  2437,  2445,  2456,  2461,  2468,  2471,  2472,
         2476,  2483,  2497,  2500,  2506,  2508,  2524,  2528,  2536,  2545,
         2556,  2559,  2562,  2567,  2569,  2571,  2572,  2576,  2581,  2592,
         2606,  2613,  2617,  2620,  2622,  2629,  2639,  2647,  2658,  2669,
         2672,  2676,  2681,  2682,  2688,  2689,  2700,  2712,  2722,  2725,
         2727,  2731,  2737,  2746,  2756,  2762,  2765,  2771,  2774,  2775,
         2777,  2790,  2796,  2797,  2803,  2810,  2818,  2824,  2826,  2829,
         2834,  2836,  2838,  2841,  2842,  2852,  2872,  2877,  2886,  2888,
         2889,  2890,  2896,  2905,  2909,  2913,  2921,  2923,  2925,  2930,
         2932,  2939,  2941,  2945,  2946,  2951,  2957,  2963,  2964,  2967,
         2968,  2972,  2973,  2975,  2976,  2979,  3000,  3003,  3004,  3007,
         3021,  3029,  3037,  3040,  3058,  3059,  3070,  3073,  3081,  3084,
         3101,  3104,  3112,  3114,  3116,  3121,  3122,  3123,  3126,  3135,
         3137,  3138,  3145,  3150,  3152,  3155,  3159,  3171,  3174,  3176,
         3187,  3196,  3200,  3203,  3215,  3216,  3218,  3221,  3226,  3227,
         3229,  3231,  3235,  3245,  3246,  3247,  3253,  3264,  3265,  3286,
         3287,  3296,  3305,  3306,  3311,  3314,  3315,  3317,  3323,  3338,
         3339,  3340,  3342,  3354,  3355,  3362,  3366,  3377,  3389,  3391,
         3408,  3413,  3420,  3421,  3422,  3429,  3432,  3438,  3454,  3456,
         3462,  3471,  3474,  3475,  3487,  3491,  3495,  3497,  3501,  3504,
         3505,  3506,  3511,  3536,  3538,  3544,  3546,  3551,  3561,  3576,
         3579,  3583,  3586,  3593,  3598,  3602,  3603,  3606,  3614,  3617,
         3619,  3623,  3625,  3632,  3634,  3635,  3636,  3647,  3653,  3658,
         3659,  3662,  3663,  3676,  3691,  3701,  3711,  3714,  3718,  3719,
         3734,  3745,  3751,  3759,  3768,  3773,  3782,  3797,  3801,  3802,
         3804,  3811,  3815,  3816,  3822,  3828,  3832,  3833,  3839,  3844,
         3845,  3885,  3887,  3896,  3899,  3912,  3932,  3936,  3937,  3961,
         3962,  3973,  3974,  3979,  3980,  3993,  3999,  4002,  4006,  4011,
         4019,  4026,  4028,  4029,  4031,  4034,  4036,  4037,  4047,  4050,
         4051,  4059,  4063,  4064,  4071,  4078,  4080,  4081,  4089,  4112,
         4121,  4134,  4140,  4144,  4161,  4162,  4172,  4173,  4174,  4182,
         4184,  4192,  4193,  4199,  4209,  4211,  4230,  4233,  4240,  4242,
         4245,  4253,  4268,  4271,  4272,  4286,  4294,  4299,  4312,  4317,
         4321,  4327,  4332,  4333,  4339,  4341,  4342,  4344,  4346,  4351,
         4365,  4368,  4373,  4381,  4385,  4386,  4392,  4398,  4399,  4402,
         4404,  4411,  4417,  4418,  4434,  4435,  4447,  4451,  4452,  4459,
         4478,  4481,  4485,  4493,  4496,  4497,  4503,  4510,  4511,  4518,
         4520,  4530,  4532,  4537,  4538,  4540,  4544,  4545,  4547,  4548,
         4549,  4568,  4573,  4580,  4585,  4589,  4600,  4604,  4607,  4613,
         4616,  4617,  4620,  4622,  4624,  4625,  4626,  4645,  4672,  4675,
         4677,  4680,  4681,  4682,  4690,  4701,  4702,  4705,  4714,  4716,
         4717,  4730,  4745,  4753,  4757,  4758,  4761,  4762,  4772,  4774,
         4777,  4783,  4785,  4798,  4805,  4808,  4810,  4812,  4823,  4826,
         4829,  4837,  4841,  4843,  4844,  4851,  4856,  4864,  4875,  4880,
         4892,  4894,  4900,  4901,  4906,  4908,  4912,  4913,  4914,  4916,
         4918,  4920,  4927,  4939,  4946,  4950,  4952,  4961,  4968,  4970,
         4971,  4973,  4975,  4980,  4983,  4988,  4991,  4996,  4998,  4999,
         5002,  5004,  5005,  5009,  5015,  5043,  5044,  5052,  5053,  5056,
         5057,  5061,  5069,  5073,  5099,  5102,  5127,  5138,  5141,  5148,
         5151,  5153,  5162,  5171,  5177,  5181,  5183,  5192,  5196,  5197,
         5202,  5205,  5215,  5219,  5228,  5229,  5231,  5232,  5241,  5242,
         5265,  5273,  5298,  5305,  5311,  5318,  5326,  5333,  5341,  5349,
         5351,  5353,  5354,  5357,  5359,  5374,  5376,  5378,  5381,  5384,
         5385,  5386,  5388,  5390,  5391,  5395,  5399,  5408,  5418,  5419,
         5420,  5421,  5424,  5434,  5438,  5458,  5462,  5468,  5477,  5480,
         5488,  5494,  5495,  5496,  5512,  5515,  5523,  5525,  5532,  5545,
         5548,  5549,  5557,  5568,  5570,  5571,  5577,  5578,  5581,  5590,
         5594,  5595,  5599,  5604,  5608,  5610,  5611,  5621,  5630,  5633,
         5634,  5644,  5649,  5658,  5662,  5665,  5666,  5672,  5675,  5677,
         5690,  5700,  5703,  5710,  5717,  5721,  5723,  5750,  5756,  5758,
         5761,  5767,  5778,  5789,  5797,  5798
Total non-polymorphic = 1044


Population     8 [BOR07_02.1]  (Number of Individuals = 21)
****************
--------------------------------------------------------------------------
Lowest Allele Frequency Used     0.050       0.020       0.010         0+
--------------------------------------------------------------------------

LINKAGE DISEQUILIBRIUM METHOD

Harmonic Mean Sample Size =       20.4        20.5        20.5        20.5
Independent Comparisons =    5900327    11287025    11287025    11287025
OverAll r^2 =                  0.05688     0.05659     0.05659     0.05659
Expected r^2 Sample =          0.05665     0.05644     0.05644     0.05644
Estimated Ne^ =                 1394.7      2051.6      2051.6      2051.6

95% CIs for Ne^
* Parametric                    1077.0      1564.0      1564.0      1564.0
                                1976.2      2978.5      2978.5      2978.5

* CIs by Jackknife are skipped when number of polymorphic loci > 100

**************************************************************************

Time: Sun Apr 15 14:04:21 2018

Non-polymorphic loci:     5,    19,    29,    31,    33,    34,    36,    40,
           57,    61,    62,    68,    74,    82,    86,    95,    96,    97,
          106,   122,   139,   149,   150,   153,   155,   163,   167,   188,
          189,   192,   208,   214,   220,   230,   254,   264,   277,   278,
          280,   283,   311,   313,   316,   319,   350,   355,   359,   372,
          384,   386,   387,   389,   410,   415,   423,   428,   433,   439,
          442,   449,   462,   464,   469,   474,   481,   525,   529,   533,
          544,   549,   556,   561,   567,   570,   571,   572,   574,   581,
          582,   592,   594,   597,   611,   624,   642,   645,   646,   652,
          660,   664,   666,   678,   692,   693,   699,   707,   708,   711,
          715,   720,   723,   726,   735,   738,   740,   758,   784,   792,
          795,   802,   815,   818,   828,   834,   836,   838,   850,   862,
          873,   881,   915,   924,   925,   928,   932,   942,   944,   955,
          965,   967,   987,  1002,  1006,  1014,  1020,  1022,  1030,  1034,
         1035,  1048,  1053,  1054,  1063,  1070,  1072,  1075,  1076,  1077,
         1078,  1080,  1082,  1089,  1094,  1097,  1119,  1125,  1128,  1135,
         1142,  1149,  1172,  1183,  1184,  1205,  1208,  1210,  1213,  1220,
         1228,  1241,  1245,  1253,  1259,  1261,  1263,  1264,  1269,  1270,
         1271,  1289,  1296,  1301,  1333,  1337,  1350,  1358,  1371,  1378,
         1387,  1395,  1401,  1418,  1429,  1433,  1434,  1437,  1443,  1451,
         1459,  1463,  1468,  1469,  1471,  1478,  1489,  1490,  1505,  1507,
         1518,  1525,  1542,  1553,  1568,  1569,  1582,  1585,  1587,  1588,
         1590,  1592,  1602,  1605,  1610,  1621,  1626,  1630,  1644,  1650,
         1668,  1671,  1675,  1678,  1682,  1694,  1695,  1697,  1698,  1701,
         1712,  1719,  1727,  1736,  1756,  1757,  1766,  1773,  1784,  1793,
         1795,  1830,  1838,  1861,  1862,  1869,  1870,  1875,  1883,  1884,
         1890,  1911,  1917,  1920,  1931,  1933,  1938,  1951,  1960,  1963,
         1980,  1981,  1989,  1990,  1993,  1995,  2005,  2013,  2016,  2022,
         2044,  2056,  2058,  2078,  2079,  2122,  2124,  2134,  2140,  2164,
         2186,  2188,  2193,  2205,  2222,  2229,  2232,  2235,  2243,  2254,
         2259,  2270,  2283,  2286,  2289,  2320,  2322,  2329,  2364,  2369,
         2380,  2436,  2437,  2439,  2448,  2469,  2476,  2483,  2516,  2517,
         2519,  2524,  2525,  2531,  2535,  2536,  2537,  2543,  2545,  2554,
         2593,  2598,  2606,  2613,  2617,  2619,  2629,  2639,  2659,  2670,
         2675,  2681,  2684,  2688,  2690,  2706,  2719,  2724,  2731,  2738,
         2757,  2759,  2765,  2768,  2774,  2777,  2784,  2797,  2801,  2810,
         2827,  2829,  2838,  2842,  2844,  2847,  2851,  2852,  2869,  2879,
         2882,  2886,  2890,  2893,  2901,  2904,  2909,  2918,  2931,  2932,
         2940,  2945,  2949,  2960,  2964,  2965,  2979,  2981,  3028,  3037,
         3046,  3050,  3065,  3081,  3084,  3086,  3104,  3112,  3115,  3116,
         3122,  3123,  3126,  3130,  3150,  3151,  3159,  3176,  3182,  3200,
         3213,  3215,  3219,  3227,  3246,  3247,  3258,  3266,  3279,  3284,
         3286,  3295,  3296,  3311,  3315,  3316,  3331,  3333,  3338,  3341,
         3352,  3395,  3400,  3408,  3412,  3413,  3422,  3427,  3441,  3446,
         3468,  3474,  3476,  3490,  3492,  3501,  3504,  3506,  3507,  3509,
         3514,  3519,  3538,  3539,  3547,  3552,  3553,  3560,  3583,  3586,
         3593,  3595,  3600,  3628,  3634,  3635,  3636,  3647,  3658,  3662,
         3663,  3676,  3685,  3687,  3689,  3707,  3714,  3721,  3726,  3731,
         3734,  3736,  3738,  3745,  3759,  3773,  3782,  3787,  3802,  3809,
         3810,  3835,  3848,  3856,  3874,  3878,  3882,  3890,  3891,  3899,
         3926,  3932,  3936,  3945,  3959,  3962,  3967,  3972,  3977,  3990,
         3991,  3994,  3995,  4002,  4016,  4019,  4021,  4036,  4037,  4051,
         4055,  4059,  4081,  4082,  4094,  4125,  4129,  4135,  4140,  4148,
         4155,  4157,  4159,  4191,  4192,  4198,  4202,  4203,  4233,  4242,
         4243,  4244,  4247,  4251,  4267,  4270,  4281,  4294,  4299,  4300,
         4306,  4309,  4311,  4327,  4334,  4341,  4344,  4351,  4364,  4373,
         4386,  4389,  4392,  4395,  4410,  4411,  4418,  4425,  4426,  4429,
         4444,  4447,  4456,  4460,  4467,  4468,  4476,  4489,  4495,  4496,
         4498,  4500,  4501,  4508,  4513,  4532,  4551,  4562,  4573,  4577,
         4589,  4590,  4609,  4613,  4617,  4626,  4627,  4655,  4658,  4669,
         4671,  4675,  4678,  4698,  4702,  4716,  4717,  4720,  4727,  4730,
         4744,  4746,  4774,  4777,  4778,  4783,  4806,  4810,  4817,  4830,
         4835,  4850,  4851,  4859,  4861,  4863,  4866,  4868,  4872,  4891,
         4894,  4895,  4896,  4900,  4906,  4914,  4916,  4922,  4927,  4930,
         4949,  4954,  4957,  4961,  4972,  4977,  4991,  4992,  4998,  4999,
         5006,  5017,  5018,  5053,  5054,  5065,  5077,  5088,  5099,  5107,
         5111,  5112,  5118,  5148,  5166,  5180,  5182,  5183,  5211,  5213,
         5216,  5218,  5220,  5229,  5235,  5240,  5242,  5243,  5265,  5295,
         5297,  5305,  5315,  5320,  5325,  5337,  5341,  5351,  5352,  5357,
         5358,  5360,  5372,  5385,  5394,  5397,  5399,  5415,  5416,  5435,
         5451,  5454,  5458,  5468,  5469,  5494,  5500,  5508,  5526,  5530,
         5537,  5551,  5570,  5573,  5581,  5595,  5603,  5604,  5611,  5632,
         5636,  5649,  5653,  5660,  5665,  5666,  5675,  5689,  5690,  5700,
         5715,  5716,  5718,  5747,  5752,  5763,  5771,  5784,  5789,  5793
Total non-polymorphic = 738


Population     9 [JUK07_01]  (Number of Individuals = 29)
****************
--------------------------------------------------------------------------
Lowest Allele Frequency Used     0.050       0.020       0.010         0+
--------------------------------------------------------------------------

LINKAGE DISEQUILIBRIUM METHOD

Harmonic Mean Sample Size =       26.2        26.1        26.2        26.2
Independent Comparisons =    7035045    10025363    12692499    12692499
OverAll r^2 =                  0.04257     0.04292     0.04281     0.04281
Expected r^2 Sample =          0.04232     0.04259     0.04246     0.04246
Estimated Ne^ =                 1261.3       922.5       887.0       887.0

95% CIs for Ne^
* Parametric                    1066.3       828.8       809.0       809.0
                                1542.9      1039.9       981.4       981.4

* CIs by Jackknife are skipped when number of polymorphic loci > 100

**************************************************************************

Ending time: Sun Apr 15 14:07:29 2018
-------------------------------------

