Output from NeEstimator v.2
Starting time: Thu Apr 12 15:12:27 2018
Input File: "D:\Pacific cod\DataAnalysis\PCod-Korea-repo\stacks_b8_verif\batch_8_filtbatch_8_verif_ge15_jb_Ne_temp"

Number of Loci = 5804

Sample [JB121807_01]
Non-polymorphic loci:     5,    10,    33,    38,    40,    44,    45,    46,
           55,    56,    57,    68,    74,    90,    95,    96,   102,   110,
          112,   117,   122,   127,   132,   150,   152,   164,   187,   195,
          206,   215,   225,   235,   237,   242,   246,   264,   285,   288,
          291,   292,   300,   319,   321,   323,   331,   345,   350,   354,
          356,   359,   362,   366,   372,   386,   395,   399,   417,   422,
          431,   433,   449,   483,   487,   493,   494,   498,   506,   518,
          520,   529,   533,   549,   550,   555,   556,   557,   560,   562,
          582,   587,   598,   599,   602,   606,   624,   636,   642,   647,
          648,   672,   674,   682,   683,   697,   707,   715,   723,   734,
          741,   758,   759,   760,   774,   782,   783,   805,   818,   828,
          834,   836,   850,   856,   859,   862,   870,   876,   881,   887,
          888,   893,   910,   916,   923,   928,   934,   938,   941,   956,
          957,   960,   967,   968,   972,   981,   982,   987,   988,  1002,
         1008,  1011,  1013,  1017,  1020,  1022,  1027,  1036,  1052,  1075,
         1078,  1093,  1096,  1101,  1103,  1118,  1119,  1122,  1128,  1129,
         1135,  1143,  1154,  1160,  1169,  1172,  1188,  1199,  1205,  1207,
         1213,  1221,  1228,  1245,  1251,  1252,  1253,  1259,  1260,  1263,
         1269,  1270,  1296,  1298,  1303,  1308,  1322,  1323,  1340,  1351,
         1355,  1357,  1360,  1363,  1365,  1368,  1371,  1375,  1378,  1389,
         1393,  1400,  1415,  1421,  1425,  1437,  1442,  1459,  1466,  1468,
         1469,  1476,  1481,  1484,  1486,  1490,  1498,  1503,  1505,  1508,
         1510,  1518,  1543,  1564,  1585,  1586,  1592,  1593,  1600,  1608,
         1623,  1624,  1626,  1629,  1631,  1633,  1634,  1636,  1637,  1640,
         1651,  1664,  1666,  1671,  1682,  1689,  1691,  1694,  1695,  1700,
         1718,  1727,  1732,  1746,  1751,  1757,  1762,  1774,  1776,  1784,
         1795,  1802,  1805,  1829,  1833,  1838,  1841,  1844,  1861,  1866,
         1873,  1883,  1893,  1897,  1906,  1911,  1918,  1920,  1931,  1933,
         1937,  1938,  1953,  1955,  1963,  1967,  1982,  1985,  1993,  1996,
         2005,  2016,  2034,  2044,  2052,  2097,  2101,  2103,  2104,  2111,
         2113,  2116,  2123,  2126,  2145,  2154,  2167,  2177,  2190,  2193,
         2195,  2208,  2221,  2235,  2243,  2249,  2260,  2263,  2279,  2283,
         2286,  2290,  2294,  2308,  2316,  2320,  2325,  2336,  2339,  2340,
         2345,  2366,  2373,  2377,  2380,  2396,  2398,  2409,  2427,  2436,
         2440,  2452,  2453,  2454,  2459,  2460,  2461,  2471,  2476,  2483,
         2487,  2490,  2497,  2508,  2518,  2535,  2537,  2545,  2554,  2572,
         2573,  2575,  2581,  2583,  2594,  2600,  2611,  2622,  2632,  2634,
         2647,  2649,  2650,  2667,  2672,  2687,  2695,  2698,  2700,  2705,
         2706,  2708,  2711,  2720,  2725,  2730,  2731,  2742,  2748,  2762,
         2777,  2780,  2784,  2796,  2799,  2800,  2816,  2817,  2818,  2841,
         2859,  2861,  2862,  2866,  2869,  2872,  2877,  2879,  2881,  2882,
         2886,  2888,  2896,  2909,  2940,  2944,  2946,  2949,  2957,  2961,
         2962,  2964,  2965,  2968,  2973,  2979,  2985,  3003,  3004,  3018,
         3029,  3034,  3041,  3046,  3059,  3065,  3084,  3090,  3101,  3112,
         3114,  3121,  3141,  3150,  3151,  3159,  3174,  3185,  3193,  3196,
         3206,  3209,  3213,  3226,  3228,  3241,  3245,  3247,  3250,  3257,
         3264,  3276,  3277,  3286,  3290,  3295,  3299,  3316,  3318,  3322,
         3328,  3335,  3342,  3356,  3366,  3376,  3395,  3397,  3400,  3405,
         3412,  3420,  3432,  3436,  3438,  3441,  3446,  3455,  3462,  3471,
         3475,  3477,  3480,  3487,  3497,  3500,  3505,  3509,  3514,  3520,
         3527,  3535,  3547,  3551,  3583,  3599,  3600,  3602,  3617,  3618,
         3621,  3625,  3646,  3656,  3668,  3684,  3686,  3689,  3694,  3695,
         3707,  3718,  3730,  3752,  3753,  3761,  3762,  3764,  3784,  3786,
         3797,  3804,  3809,  3815,  3816,  3820,  3824,  3832,  3838,  3844,
         3849,  3852,  3873,  3878,  3879,  3912,  3930,  3941,  3942,  3945,
         3952,  3973,  3977,  3980,  3990,  3993,  4013,  4017,  4021,  4059,
         4060,  4062,  4070,  4071,  4072,  4077,  4088,  4098,  4104,  4109,
         4112,  4117,  4125,  4137,  4140,  4146,  4147,  4150,  4161,  4162,
         4163,  4172,  4176,  4181,  4185,  4191,  4241,  4242,  4247,  4251,
         4263,  4267,  4268,  4279,  4289,  4293,  4308,  4313,  4314,  4326,
         4335,  4338,  4344,  4359,  4367,  4373,  4374,  4385,  4389,  4392,
         4396,  4397,  4398,  4401,  4405,  4412,  4429,  4439,  4444,  4452,
         4459,  4460,  4477,  4489,  4490,  4498,  4500,  4502,  4503,  4505,
         4507,  4508,  4511,  4530,  4538,  4540,  4545,  4562,  4570,  4575,
         4580,  4585,  4588,  4590,  4604,  4611,  4625,  4627,  4632,  4635,
         4641,  4643,  4645,  4648,  4650,  4654,  4675,  4677,  4681,  4687,
         4690,  4719,  4721,  4723,  4727,  4740,  4745,  4749,  4754,  4755,
         4766,  4772,  4776,  4778,  4785,  4798,  4805,  4807,  4817,  4818,
         4819,  4841,  4843,  4844,  4846,  4847,  4861,  4863,  4866,  4868,
         4875,  4879,  4880,  4896,  4901,  4902,  4903,  4906,  4910,  4922,
         4923,  4926,  4937,  4940,  4949,  4954,  4973,  4977,  4988,  4989,
         5003,  5006,  5017,  5022,  5032,  5038,  5044,  5061,  5071,  5086,
         5088,  5090,  5095,  5102,  5107,  5108,  5112,  5113,  5127,  5130,
         5138,  5144,  5151,  5198,  5199,  5202,  5211,  5215,  5224,  5228,
         5229,  5232,  5238,  5254,  5261,  5267,  5271,  5286,  5319,  5321,
         5332,  5340,  5341,  5376,  5378,  5381,  5383,  5385,  5386,  5388,
         5390,  5415,  5427,  5435,  5445,  5454,  5458,  5464,  5476,  5480,
         5500,  5509,  5511,  5531,  5534,  5542,  5548,  5578,  5588,  5599,
         5600,  5604,  5608,  5609,  5628,  5636,  5656,  5660,  5665,  5677,
         5697,  5703,  5715,  5722,  5723,  5760,  5785,  5789,  5795,  5797,
         5800
Total non-polymorphic = 799

Sample [GE011215_01.1]
Non-polymorphic loci:     5,    10,    26,    33,    36,    38,    40,    44,
           45,    46,    48,    55,    56,    57,    68,    74,    76,    82,
           86,    91,    96,    97,   108,   112,   117,   122,   123,   127,
          131,   133,   150,   152,   154,   160,   164,   165,   195,   201,
          206,   214,   215,   217,   220,   224,   225,   242,   246,   254,
          264,   265,   270,   274,   284,   285,   288,   291,   292,   296,
          300,   313,   321,   326,   327,   331,   338,   350,   353,   355,
          356,   359,   362,   366,   371,   386,   389,   393,   399,   415,
          417,   419,   422,   424,   431,   437,   440,   453,   457,   472,
          483,   487,   496,   498,   518,   529,   533,   538,   544,   547,
          549,   550,   555,   557,   561,   563,   567,   581,   582,   587,
          592,   598,   599,   602,   606,   612,   624,   638,   639,   642,
          643,   647,   651,   652,   662,   671,   674,   678,   682,   696,
          697,   701,   706,   715,   717,   732,   734,   741,   758,   759,
          767,   773,   774,   776,   782,   783,   800,   805,   806,   818,
          834,   836,   838,   839,   845,   851,   854,   856,   859,   862,
          869,   870,   876,   881,   887,   888,   893,   916,   928,   934,
          938,   941,   949,   955,   956,   960,   968,   971,   972,   974,
          987,   988,  1008,  1011,  1012,  1017,  1020,  1022,  1024,  1027,
         1036,  1043,  1045,  1046,  1052,  1062,  1073,  1074,  1075,  1078,
         1081,  1090,  1093,  1096,  1101,  1103,  1118,  1121,  1122,  1135,
         1142,  1143,  1155,  1160,  1163,  1164,  1169,  1172,  1182,  1185,
         1188,  1205,  1213,  1239,  1241,  1245,  1251,  1252,  1253,  1254,
         1255,  1259,  1260,  1263,  1269,  1270,  1275,  1292,  1298,  1303,
         1315,  1318,  1322,  1323,  1330,  1331,  1340,  1341,  1344,  1346,
         1348,  1355,  1357,  1363,  1368,  1371,  1373,  1378,  1389,  1393,
         1400,  1404,  1415,  1421,  1424,  1425,  1427,  1428,  1429,  1439,
         1454,  1459,  1466,  1468,  1469,  1476,  1484,  1486,  1490,  1503,
         1505,  1508,  1510,  1513,  1514,  1518,  1519,  1531,  1543,  1545,
         1556,  1563,  1564,  1568,  1572,  1586,  1589,  1592,  1593,  1600,
         1618,  1623,  1624,  1626,  1628,  1629,  1631,  1633,  1636,  1637,
         1638,  1640,  1651,  1654,  1658,  1664,  1668,  1671,  1682,  1683,
         1694,  1702,  1705,  1712,  1718,  1721,  1727,  1729,  1732,  1733,
         1735,  1738,  1741,  1743,  1745,  1748,  1751,  1757,  1762,  1767,
         1774,  1776,  1783,  1793,  1798,  1800,  1818,  1829,  1833,  1838,
         1840,  1844,  1848,  1861,  1866,  1873,  1883,  1884,  1897,  1903,
         1911,  1920,  1931,  1938,  1944,  1948,  1953,  1955,  1956,  1959,
         1962,  1963,  1967,  1979,  1982,  1985,  1987,  1989,  1990,  1993,
         1996,  1998,  2004,  2005,  2011,  2012,  2022,  2034,  2037,  2038,
         2039,  2042,  2044,  2046,  2047,  2052,  2053,  2064,  2067,  2078,
         2083,  2087,  2101,  2102,  2104,  2110,  2111,  2113,  2122,  2123,
         2126,  2131,  2138,  2140,  2141,  2145,  2146,  2152,  2154,  2164,
         2167,  2175,  2177,  2184,  2190,  2193,  2195,  2200,  2207,  2208,
         2211,  2213,  2215,  2235,  2243,  2260,  2273,  2274,  2280,  2283,
         2286,  2289,  2294,  2299,  2306,  2308,  2320,  2321,  2322,  2330,
         2331,  2336,  2339,  2343,  2348,  2354,  2355,  2366,  2373,  2377,
         2380,  2390,  2391,  2396,  2398,  2401,  2409,  2414,  2416,  2419,
         2427,  2436,  2437,  2439,  2448,  2452,  2454,  2461,  2468,  2472,
         2476,  2483,  2484,  2487,  2489,  2490,  2500,  2508,  2514,  2516,
         2517,  2518,  2521,  2522,  2525,  2528,  2534,  2535,  2545,  2554,
         2555,  2556,  2559,  2563,  2567,  2570,  2571,  2575,  2576,  2581,
         2582,  2583,  2594,  2599,  2600,  2607,  2609,  2611,  2617,  2622,
         2632,  2641,  2642,  2645,  2647,  2656,  2662,  2663,  2666,  2667,
         2669,  2672,  2686,  2687,  2693,  2695,  2698,  2700,  2705,  2708,
         2719,  2720,  2724,  2725,  2731,  2742,  2744,  2756,  2757,  2761,
         2762,  2777,  2780,  2784,  2789,  2796,  2797,  2799,  2800,  2801,
         2813,  2816,  2817,  2818,  2827,  2839,  2841,  2849,  2855,  2861,
         2862,  2864,  2866,  2869,  2872,  2882,  2886,  2888,  2893,  2896,
         2901,  2905,  2909,  2921,  2937,  2940,  2941,  2942,  2944,  2946,
         2949,  2957,  2960,  2961,  2962,  2964,  2965,  2968,  2972,  2973,
         2978,  2979,  2981,  3003,  3004,  3007,  3015,  3017,  3019,  3029,
         3034,  3035,  3042,  3046,  3049,  3059,  3065,  3070,  3078,  3084,
         3101,  3102,  3105,  3108,  3112,  3114,  3121,  3130,  3137,  3138,
         3141,  3150,  3151,  3159,  3160,  3169,  3174,  3178,  3181,  3185,
         3193,  3196,  3200,  3213,  3216,  3226,  3228,  3241,  3245,  3247,
         3249,  3253,  3257,  3264,  3265,  3269,  3276,  3277,  3278,  3286,
         3287,  3290,  3295,  3299,  3316,  3328,  3331,  3333,  3335,  3339,
         3342,  3346,  3351,  3352,  3356,  3366,  3376,  3394,  3395,  3397,
         3405,  3407,  3414,  3415,  3427,  3432,  3436,  3438,  3441,  3443,
         3446,  3454,  3462,  3465,  3468,  3475,  3477,  3480,  3484,  3485,
         3487,  3490,  3495,  3497,  3500,  3505,  3507,  3508,  3520,  3534,
         3535,  3536,  3544,  3547,  3551,  3557,  3583,  3587,  3595,  3599,
         3600,  3602,  3606,  3617,  3618,  3621,  3625,  3629,  3639,  3644,
         3646,  3668,  3672,  3684,  3688,  3690,  3695,  3697,  3702,  3704,
         3707,  3712,  3718,  3719,  3721,  3723,  3730,  3745,  3746,  3754,
         3761,  3762,  3764,  3773,  3782,  3784,  3786,  3787,  3794,  3796,
         3797,  3804,  3809,  3811,  3815,  3816,  3820,  3824,  3828,  3832,
         3845,  3847,  3849,  3851,  3855,  3858,  3873,  3878,  3879,  3882,
         3885,  3916,  3917,  3925,  3930,  3937,  3942,  3943,  3945,  3952,
         3959,  3973,  3977,  3979,  3980,  3989,  3990,  3993,  3999,  4003,
         4006,  4009,  4013,  4017,  4021,  4029,  4042,  4045,  4059,  4062,
         4063,  4065,  4070,  4071,  4078,  4088,  4089,  4091,  4095,  4098,
         4105,  4109,  4112,  4117,  4125,  4130,  4137,  4140,  4144,  4146,
         4147,  4149,  4150,  4161,  4162,  4163,  4170,  4172,  4176,  4181,
         4183,  4185,  4191,  4199,  4205,  4233,  4237,  4241,  4243,  4247,
         4251,  4262,  4263,  4267,  4268,  4275,  4279,  4285,  4286,  4289,
         4293,  4294,  4299,  4308,  4314,  4326,  4333,  4335,  4338,  4359,
         4364,  4367,  4369,  4373,  4381,  4383,  4385,  4389,  4390,  4392,
         4394,  4395,  4396,  4397,  4401,  4405,  4412,  4429,  4434,  4444,
         4448,  4452,  4459,  4460,  4477,  4480,  4489,  4490,  4494,  4495,
         4500,  4503,  4505,  4507,  4526,  4529,  4537,  4540,  4545,  4549,
         4554,  4562,  4570,  4575,  4580,  4585,  4588,  4602,  4604,  4616,
         4627,  4632,  4635,  4641,  4643,  4645,  4648,  4675,  4677,  4678,
         4681,  4687,  4690,  4701,  4706,  4711,  4719,  4721,  4723,  4727,
         4732,  4740,  4743,  4745,  4749,  4754,  4755,  4757,  4766,  4772,
         4778,  4780,  4785,  4790,  4796,  4798,  4805,  4807,  4808,  4810,
         4817,  4818,  4819,  4820,  4823,  4824,  4827,  4835,  4837,  4841,
         4844,  4846,  4847,  4861,  4863,  4866,  4868,  4879,  4880,  4891,
         4896,  4902,  4903,  4906,  4913,  4918,  4919,  4922,  4923,  4926,
         4937,  4940,  4954,  4956,  4968,  4972,  4973,  4977,  4985,  4988,
         4989,  5003,  5004,  5006,  5007,  5014,  5017,  5021,  5031,  5035,
         5038,  5044,  5057,  5061,  5074,  5086,  5088,  5090,  5095,  5101,
         5102,  5108,  5113,  5118,  5130,  5138,  5142,  5144,  5151,  5179,
         5183,  5197,  5202,  5205,  5208,  5215,  5228,  5229,  5230,  5238,
         5240,  5254,  5269,  5271,  5286,  5297,  5306,  5315,  5319,  5320,
         5321,  5323,  5325,  5326,  5327,  5332,  5337,  5349,  5357,  5359,
         5373,  5376,  5378,  5381,  5385,  5388,  5397,  5406,  5408,  5414,
         5419,  5421,  5424,  5425,  5434,  5435,  5445,  5457,  5458,  5462,
         5464,  5468,  5471,  5476,  5478,  5480,  5483,  5485,  5488,  5500,
         5506,  5509,  5515,  5518,  5523,  5526,  5527,  5531,  5541,  5542,
         5548,  5558,  5564,  5570,  5578,  5588,  5590,  5596,  5599,  5600,
         5603,  5608,  5609,  5611,  5622,  5628,  5656,  5658,  5660,  5664,
         5665,  5677,  5696,  5697,  5700,  5703,  5710,  5718,  5722,  5723,
         5726,  5760,  5767,  5768,  5770,  5778,  5781,  5785,  5789,  5796,
         5797,  5802
Total non-polymorphic = 1140


Population: JB121807_01/GE011215_01.1,	2 Samples,	Sample Sizes: 73/28

TEMPORAL METHODS (Pollak, Nei/Tajima, Jorde/Ryman), Plan II.
--------------------------------------------------------------------------
Lowest Allele Frequency Used     0.050       0.020       0.010         0+
==========================================================================
Samples  1[1807_01] & 2[15_01.1]
Generations     1.0 & 2.0    

   Independent Alleles =        3382        4291        4709        5198
   -----------------------------------------------------------------------
  (Pollak)
   Harmonic Mean Samp Size =      39.5        39.5        39.5        39.5
                 Fk =          0.02978     0.02960     0.02946     0.02894
                 F' =          0.00455     0.00437     0.00422     0.00372
               * Ne =            110.0       114.5       118.6       134.6

     95% CIs for Ne:
     * Parametric                 83.9        89.3        92.9       104.2
                                 160.5       161.7       166.8       194.5
     * Jackknife on Loci          82.5        88.4        92.4       104.1
                                 159.4       158.5       161.9       186.3
   -----------------------------------------------------------------------
  (Nei/Tajima)
   Harmonic Mean Samp Size =      39.5        39.5        39.5        39.5
                 Fc =          0.02932     0.02909     0.02894     0.02850
                 F' =          0.00402     0.00380     0.00363     0.00321
               * Ne =            124.3       131.7       137.7       155.8

     95% CIs for Ne:
     * Parametric                 91.4        98.7       103.4       115.3
                                 187.0       192.1       200.2       233.2
     * Jackknife on Loci          91.2        99.3       104.5       117.3
                                 187.8       190.3       196.5       226.0
   -----------------------------------------------------------------------
  (Jorde/Ryman)
   Harmonic Mean Samp Size =      39.5        39.5        39.5        39.5
                 Fs =          0.02988     0.02986     0.02986     0.02986
                 F' =          0.00445     0.00443     0.00442     0.00443
               * Ne =            112.5       112.9       113.2       113.0

     95% CIs for Ne:
     * Parametric                107.2       108.2       108.7       108.7
                                 117.9       117.7       117.9       117.3
     * Jackknife on Loci          80.7        82.3        82.7        82.7
                                 185.3       179.9       179.5       178.1
==========================================================================

Ending time: Thu Apr 12 15:12:28 2018
-------------------------------------

