sample	n_tags	n_loci	p_missing_data	missing_gt20
PO010715_02	49345	6817653	6.136299368	0
PO010715_02_rep	47635	7823165	6.060891696	0
PO010715_04	42139	3432097	6.871524178	0
PO010715_06.1	42334	2473192	9.03006881	0
PO010715_08.1	42276	3106846	7.144876991	0
PO010715_10.1	40860	3309272	8.19115845	0
PO010715_11.1	45945	3495400	6.871524178	0
PO010715_12	47173	3295834	6.692430955	0
PO010715_17.1	41214	4332781	7.15430295	0
PO010715_19.1	42279	2645508	8.172306532	0
PO010715_26	50845	0	5.834668678	0
PO010715_27.1	42324	2937015	8.360825714	0
PO010715_28.1	43835	3255176	7.814120087	0
PO010715_29.1	42478	3110048	8.040343105	0
PO020515_01	42779	2640637	7.126025073	0
PO020515_03.1	42698	3306735	7.295692337	0
PO020515_05.1	41068	3691453	9.44481101	0
PO020515_06	58001	8336214	6.6358752	0
PO020515_08.1	49444	4916525	7.144876991	0
PO020515_09.1	41201	3016815	9.737015741	0
PO020515_10.1	43839	4812537	8.549344896	0
PO020515_14.1	40924	3372281	7.701008578	0
PO020515_15.1	41240	4162902	7.446507682	0
PO020515_16.1	40381	1961294	8.879253464	0
PO020515_17.1	41300	3737101	7.77641625	0
PO031715_03	43593	2722559	6.909228014	0
PO031715_04	50372	3094421	6.541615609	0
PO031715_13.1	40634	2503625	7.606748987	0
PO031715_20.1	44043	2927703	7.597323028	0
PO031715_23	50595	4707310	6.579319446	0
PO031715_24	42149	2820366	6.880950137	0
GE011215_01.1	41749	3807454	7.267414459	0
GE011215_07.1	40008	3631183	9.077198605	0
GE011215_08.1	40593	2076442	9.605052314	0
GE011215_09.1	42604	3758901	7.77641625	0
GE011215_10.1	43484	3440184	7.616174946	0
GE011215_14.1	43878	6549008	7.239136582	0
GE011215_15.1	58773	5694239	7.503063437	0
GE011215_16.1	41680	3791389	8.596474691	0
GE011215_18	48448	6852956	6.711282873	0
GE011215_19	42637	4019476	6.4285041	0
GE011215_20.1	44130	2808032	7.898953719	0
GE011215_21.1	41022	3384807	7.521915355	0
GE011215_22	46085	6470888	6.541615609	0
GE011215_24.1	40194	3134738	7.691582619	0
GE011215_28	43315	3861430	6.654727118	0
GE011215_29.1	38493	2245206	10.92468659	0
GE011215_30.1	43774	4661699	6.353096428	0
GE012315_01.1	38802	2199367	8.964087096	0
GE012315_03.1	40635	3747521	8.9169573	0
GE012315_04.1	42662	2523135	8.615326609	0
GE012315_05.1	42400	3029457	8.379677632	0
GE012315_06.1	42934	3646562	8.096898859	0
GE012315_08.1	40138	2649848	7.286266378	0
GE012315_09.1	43062	3036050	6.654727118	0
GE012315_10.1	40110	2333584	7.587897069	0
GE012315_11.1	43536	3742895	6.287114714	0
GE012315_17.1	40243	3009275	7.484211519	0
GE012315_20.1	40798	3109124	7.135451032	0
GE012315_22.1	39771	3048700	9.831275332	0
GEO012315_02	45012	5152585	7.173154869	0
GEO012315_12	50748	6131307	6.447356018	0
GEO012315_18	46081	4614041	7.314544255	0
GEO012315_21	43632	4819847	7.239136582	0
NA021015_02.1	39816	4039779	9.048920728	0
NA021015_03.1	39565	3086869	9.407107173	0
NA021015_06.1	42551	4864411	7.078895278	0
NA021015_08.1	38231	2468650	10.88698275	0
NA021015_09.1	42121	4076545	6.852672259	0
NA021015_10.1	43403	3142354	7.455933641	0
NA021015_13.1	41183	5022277	8.841549628	0
NA021015_14.1	41928	4147822	7.220284664	0
NA021015_16.1	41856	5291624	7.342822132	0
NA021015_17.1	44151	3504202	7.333396173	0
NA021015_21.1	41187	3800139	7.531341314	0
NA021015_22.1	47830	4137911	7.201432746	0
NA021015_23	42031	2712287	7.267414459	0
NA021015_25	42912	5191269	6.202281082	0
NA021015_26	42438	3817109	6.334244509	0
NA021015_30	42642	3712357	6.485059855	0
YS_121316_01	52423	6316229	6.522763691	0
YS_121316_03	47958	2808906	7.36167405	0
YS_121316_05	126030	6635649	14.33688378	0
YS_121316_13	57302	4409814	6.598171364	0
YS_121316_17	50546	3900580	6.805542464	0
YS_121316_18	100516	5165500	14.15779056	0
YS_121316_20.1	46085	5211971	6.984635687	0
YS_121316_21	50467	5653775	6.362522387	0
YS_121316_22	48474	5677131	6.824394382	0
YS_121316_23	43733	3985378	6.862098218	0
YS_121316_24	55273	6058065	6.390800264	0
YS_121316_25	45126	3211547	7.126025073	0
YS_121316_26	50593	2863848	7.352248091	0
YS_121316_27	122709	4262963	17.4663022	0
YS_121316_28	106348	3981699	18.34291639	0
YS_121316_29	84578	2857842	20.82194363	1
YS121315_08.1	43670	2252448	8.898105382	0
YS121315_10.1	41213	1311987	11.82957866	0
YS121315_12	76264	5791989	8.634178528	0
YS121315_12_300	76604	4038365	10.9906683	0
YS121315_14.1	45860	2885627	7.286266378	0
YS121315_15	55752	4324878	7.305118296	0
YS121315_16	56929	6716657	6.956357809	0
YS121316_30	78995	4335330	7.116599114	0
JUK07_01	43143	3616220	13.53567726	0
JUK07_02.1	49657	8561987	6.494485814	0
JUK07_02_rep.1	42254	3929100	6.607597323	0
JUK07_03	42609	3800860	14.33688378	0
JUK07_06.1	52553	17189641	8.587048732	0
JUK07_09.1	45300	7283224	6.617023282	0
JUK07_09_rep.1	46175	7959380	6.645301159	0
JUK07_14	42885	3822809	14.11066076	0
JUK07_15	46877	6618897	7.936657555	0
JUK07_16.1	42921	6629190	8.19115845	0
JUK07_16_rep.1	42776	5945979	8.285418041	0
JUK07_17	38904	2540837	18.88019606	0
JUK07_18	41448	3931160	13.46026958	0
JUK07_19	45696	4498926	8.558770855	0
JUK07_20	40798	3519086	15.35488736	0
JUK07_22	40916	2968381	16.6368178	0
JUK07_25	36241	2183098	22.78254312	1
JUK07_26	44680	4618372	8.568196814	0
JUK07_27	45383	5317563	8.549344896	0
JUK07_28	39247	2441945	18.79536243	0
JUK07_29.1	45882	9984096	7.192006787	0
JUK07_30	59137	9952413	10.55707418	0
JUK07_32	53827	10988844	11.37713262	0
JUK07_36.1	42942	4837063	8.379677632	0
JUK07_37.1	43197	5751544	8.464511264	0
JB121807_01	40205	2672936	7.455933641	0
JB121807_03.1	40916	2695033	7.682156659	0
JB121807_04.1	25276	626185	37.1194269	1
JB121807_05	41098	1990280	26.40211141	1
JB121807_06.1	39635	2942523	7.446507682	0
JB121807_07.1	323	19953	99.94344425	1
JB121807_08	39891	2592970	7.0506174	0
JB121807_08_rep	39823	2268661	7.427655764	0
JB121807_09.1	24624	612073	43.69874635	1
JB121807_11.1	40578	4079581	6.447356018	0
JB121807_12.1	31315	1220369	25.28042228	1
JB121807_14.1	44253	3532063	11.42426242	0
JB121807_16.1	28614	1814325	33.27363559	1
JB121807_19.1	39133	2325569	8.144028655	0
JB121807_20.1	38022	1789463	8.436233387	0
JB121807_21.1	40546	3461393	13.13036101	0
JB121807_23	27384	996469	38.33537562	1
JB121807_24.1	38250	2080584	9.454236969	0
JB121807_25	32646	1119322	21.49118673	1
JB121807_27	32638	1521654	29.08850976	1
JB121807_28.1	36712	1348383	10.83985296	0
JB121807_30	38564	1799365	25.67631256	1
JB121807_30.1	25593	826535	41.53077576	1
JB121807_31.1	46046	4858641	9.75586766	0
JB121807_32.1	39924	3692041	10.97181638	0
JB121807_33.1	42703	4011732	11.36770666	0
JB121807_34.1	40224	3964034	8.153454614	0
JB121807_35	19704	433572	59.40239419	1
JB121807_37	40315	3947023	8.304269959	0
JB121807_38.1	44512	3410899	11.13205769	0
JB121807_41.1	30212	2021500	30.80403431	1
JB121807_42	38087	2624412	21.00103686	1
JB121807_44	46752	5447707	8.879253464	0
JB121807_45.1	23170	1246515	46.44170044	1
JB121807_46	44592	3609690	11.74474503	0
JB121807_47	12791	285263	75.84126685	1
JB121807_48.1	31888	1626523	28.53237817	1
JB021108_02.1	39603	4311669	10.2083137	0
JB021108_04.1	34195	1816458	19.08756716	0
JB021108_05	44928	10651977	6.353096428	0
JB021108_05_rep	45153	12697218	6.617023282	0
JB021108_06	39548	2104987	7.550193232	0
JB021108_07.1	39501	2503842	8.473937223	0
JB021108_08.1	35704	1721654	18.22037892	0
JB021108_09.1	40054	4329770	9.407107173	0
JB021108_10.1	24751	1196957	42.50164954	1
JB021108_11	9657	173168	79.10264869	1
JB021108_12.1	42547	4944510	6.94693185	0
JB021108_13.1	39330	2579086	8.964087096	0
JB021108_14	25019	873350	42.85041003	1
JB021108_16	41411	3108991	6.334244509	0
JB021108_17.1	39082	2425901	7.748138373	0
JB021108_19.1	47079	6267465	8.341973796	0
JB021108_20	35133	1053046	14.977849	0
JB021108_22.1	36852	3244823	17.4663022	0
JB021108_25.1	29654	1081054	28.92826845	1
JB021108_26.1	39295	2900671	10.45338863	0
JB021108_28	30307	789949	42.02092563	1
JB021108_29	35810	1814690	14.88358941	0
JB021108_30	41868	5002275	6.315392591	0
JB021108_31.1	21562	949374	49.61824866	1
JB021108_32	43261	7666082	6.409652182	0
JB021108_33	21559	525803	52.13497973	1
JB021108_34	37510	2553725	12.8570082	0
JB021108_35	35103	910556	14.29917994	0
JB021108_35_rep	35784	986962	12.56480347	0
JB021108_36.1	40764	3564362	7.682156659	0
JB021108_36_rep.1	40399	3473439	7.653878782	0
JB021108_37.1	42003	3874496	7.455933641	0
JB021108_37_rep.1	43021	3852296	7.606748987	0
JB021108_38.1	31890	1459670	24.33782637	1
JB021108_39	38310	2476612	18.32406447	0
JB021108_40	19303	427207	58.21472335	1
JB021108_41.1	36054	2899441	16.72165143	0
JB021108_44.1	39992	3562001	7.286266378	0
JB021108_45	42958	7512937	6.8432463	0
JB021108_46.1	41314	5675208	6.475633896	0
JB021108_46_rep.1	40150	3527876	6.701856914	0
JB021108_47.1	40470	3923619	6.965783768	0
JB021108_48.1	41270	7101400	8.794419832	0
BOR07_01	60281	1717981	26.67546423	1
BOR07_02.1	48469	4096017	7.022339523	0
BOR07_03	42924	2968140	10.67018569	0
BOR07_04	53362	5993580	6.767838628	0
BOR07_05.1	65655	8659570	7.964935432	0
BOR07_06.1	77686	4078253	7.531341314	0
BOR07_07.1	53584	6259115	6.305966632	0
BOR07_08.1	52289	9296113	7.917805637	0
BOR07_09	53796	5769259	6.871524178	0
BOR07_10.1	55316	4774298	6.711282873	0
BOR07_11.1	58012	6057266	6.475633896	0
BOR07_12.1	55935	3962949	7.192006787	0
BOR07_13.1	44254	4475682	6.6358752	0
BOR07_14	60960	10735145	6.607597323	0
BOR07_15	67386	7761056	6.786690546	0
BOR07_16	45183	3692985	7.210858705	0
BOR07_17.1	49852	3287279	7.163728909	0
BOR07_18	67800	7110518	13.76190027	0
BOR07_19.1	78523	5149426	10.71731549	0
BOR07_20.1	47679	7747504	6.937505891	0
BOR07_21.1	73046	3280358	25.58205297	1
BOR07_22	56172	6685657	6.654727118	0
GEO020414_10	40082	1962002	25.25214441	1
GEO020414_11	47609	5803141	9.312847582	0
GEO020414_11_300	48768	4659273	8.332547837	0
GEO020414_13	63	1114	99.93401829	1
GEO020414_13_300	46197	3172787	8.841549628	0
GEO020414_14	44362	4039842	10.18003582	0
GEO020414_14_300	43536	3494966	12.13120935	0
GEO020414_15	44147	2336383	16.54255821	0
GEO020414_15_300	43072	2039080	20.71825808	1
GEO020414_16	46030	4033436	10.87755679	0
GEO020414_16_300	46167	3618428	8.982939014	0
GEO020414_17	45604	3864586	10.11405411	0
GEO020414_17_300	44961	3057343	13.14921293	0
GEO020414_2	43774	4056569	11.51852201	0
GEO020414_23	47169	7069859	9.491940805	0
GEO020414_23_300	46313	6158191	9.067772646	0
GEO020414_24	48881	4525205	9.114902441	0
GEO020414_24_300	49526	3842521	7.98378735	0
GEO020414_25	45171	3666663	14.49712508	0
GEO020414_25_300	40832	2587646	18.82364031	0
GEO020414_26	43748	3752341	14.94014516	0
GEO020414_27	45250	4659426	11.25459516	0
GEO020414_29	43748	3083761	15.87331511	0
GEO020414_3	47073	4784237	7.635026864	0
GEO020414_30	37644	1585848	28.91884249	1
GEO020414_4	48862	5641450	7.201432746	0
GEO020414_5	45492	4831675	9.906683005	0
GEO020414_6	43496	3555024	13.72419644	0
GEO020414_7	48981	4631204	7.088321237	0
GEO020414_8	45665	5825946	9.369403337	0
GEO020414_8_300	46074	5328677	8.549344896	0
GEO020414_9	46701	3815390	9.265717787	0
GEO020414_9_300	47196	3311770	8.228862287	0