3
6
11
13
16
18
30
44
52
56
59
66
67
69
74
80
84
85
91
94
95
96
97
98
101
110
114
115
116
123
144
146
148
159
164
179
181
195
197
211
218
230
233
235
236
243
246
253
258
262
275
276
279
281
286
287
298
323
331
335
336
348
349
359
360
369
372
373
385
401
402
406
415
418
421
444
453
460
469
470
475
476
482
488
494
504
506
512
513
525
532
534
538
539
543
549
567
572
576
580
588
594
599
609
610
630
641
644
653
654
656
666
673
676
678
680
687
693
702
705
707
709
717
730
732
737
740
741
747
752
755
761
765
766
768
782
787
792
793
797
800
803
816
822
826
830
837
850
856
859
863
867
869
886
890
899
901
908
911
920
921
949
952
953
959
966
969
979
984
986
994
998
1001
1003
1013
1018
1019
1027
1030
1041
1042
1057
1064
1072
1087
1090
1101
1102
1104
1107
1112
1121
1125
1131
1140
1141
1150
1162
1164
1191
1193
1198
1199
1219
1226
1228
1238
1239
1243
1245
1249
1251
1257
1277
1283
1286
1291
1306
1308
1317
1322
1325
1344
1355
1361
1373
1374
1392
1398
1401
1402
1423
1428
1452
1453
1455
1459
1463
1464
1470
1473
1485
1490
1491
1506
1519
1522
1525
1528
1530
1539
1540
1547
1548
1550
1551
1561
1565
1566
1578
1602
1616
1621
1625
1629
1632
1647
1649
1650
1654
1668
1669
1670
1676
1678
1690
1693
1696
1698
1712
1719
1734
1736
1750
1752
1764
1770
1771
1773
1777
1780
1781
1793
1796
1809
1810
1811
1816
1827
1828
1831
1832
1838
1849
1855
1862
1870
1871
1876
1884
1886
1890
1891
1895
1910
1916
1919
1923
1924
1929
1931
1934
1936
1946
1948
1954
1960
1964
1965
1967
1974
1979
1983
1985
1993
1997
2002
2012
2019
2023
2045
2046
2049
2052
2061
2065
2068
2070
2073
2079
2082
2094
2098
2101
2103
2104
2108
2117
2120
2131
2133
2151
2158
2160
2164
2171
2175
2191
2202
2209
2214
2217
2221
2237
2238
2240
2275
2276
2277
2278
2279
2309
2314
2315
2318
2320
2330
2333
2336
2337
2343
2344
2346
2350
2353
2356
2360
2365
2367
2370
2372
2373
2387
2395
2396
2405
2406
2409
2411
2419
2427
2431
2434
2435
2445
2457
2458
2459
2463
2484
2495
2504
2506
2507
2512
2523
2527
2530
2531
2535
2536
2537
2547
2555
2566
2578
2580
2581
2584
2588
2590
2594
2605
2609
2611
2626
2631
2635
2646
2650
2653
2658
2662
2688
2691
2694
2695
2696
2703
2705
2717
2725
2743
2745
2765
2767
2770
2771
2772
2774
2775
2785
2809
2812
2818
2819
2822
2824
2839
2848
2869
2873
2878
2881
2882
2883
2887
2892
2897
2899
2903
2906
2909
2910
2911
2916
2927
2933
2936
2937
2940
2944
2955
2959
2964
2968
2977
2980
2981
2982
2983
2990
2998
3000
3008
3010
3013
3015
3022
3033
3034
3049
3052
3058
3061
3066
3068
3084
3089
3101
3103
3105
3106
3107
3112
3125
3128
3133
3140
3143
3158
3160
3161
3166
3183
3192
3193
3200
3201
3202
3206
3207
3213
3215
3224
3231
3241
3242
3247
3251
3255
3256
3257
3265
3268
3275
3276
3283
3284
3286
3293
3301
3313
3314
3315
3317
3318
3323
3329
3330
3333
3341
3350
3359
3362
3363
3366
3369
3372
3398
3405
3406
3410
3415
3417
3423
3438
3440
3441
3446
3467
3469
3473
3486
3490
3508
3509
3518
3519
3521
3524
3527
3528
3536
3548
3561
3580
3583
3585
3588
3596
3602
3604
3615
3620
3635
3641
3643
3652
3653
3655
3660
3666
3676
3679
3681
3686
3689
3699
3701
3714
3716
3721
3723
3726
3739
3742
3743
3759
3760
3761
3768
3771
3772
3778
3779
3785
3787
3798
3800
3802
3804
3811
3816
3824
3827
3831
3836
3838
3840
3856
3863
3868
3879
3880
3882
3884
3890
3891
3894
3895
3901
3902
3906
3907
3912
3913
3914
3915
3917
3920
3925
3933
3937
3945
3948
3949
3950
3957
3960
3967
3968
3969
3970
3972
3976
3982
3983
3991
4006
4009
4011
4024
4028
4029
4032
4033
4034
4036
4037
4043
4045
4048
4049
4050
4052
4054
4066
4084
4085
4090
4091
4092
4093
4096
4099
4105
4107
4112
4128
4130
4135
4138
4144
4151
4155
4161
4172
4173
4176
4179
4199
4202
4206
4218
4223
4237
4240
4250
4251
4252
4256
4257
4260
4266
4270
4273
4283
4288
4291
4296
4312
4320
4324
4326
4330
4331
4335
4343
4345
4359
4365
4369
4379
4381
4382
4385
4387
4389
4391
4394
4400
4403
4405
4408
4410
4416
4423
4436
4437
4439
4451
4454
4462
4481
4482
4486
4489
4490
4505
4518
4520
4528
4529
4533
4540
4570
4574
4576
4577
4584
4594
4601
4607
4609
4614
4621
4622
4626
4628
4629
4632
4635
4639
4643
4647
4648
4665
4679
4680
4689
4697
4699
4702
4706
4717
4721
4722
4724
4735
4740
4745
4748
4755
4765
4768
4770
4771
4773
4785
4791
4792
4801
4822
4846
4859
4866
4869
4872
4873
4884
4885
4887
4888
4889
4894
4897
4912
4913
4916
4928
4929
4933
4944
4953
4955
4960
4961
4964
4969
4971
4974
4977
4986
4988
4997
4999
5002
5003
5017
5020
5022
5023
5025
5026
5031
5046
5065
5075
5076
5083
5096
5115
5118
5122
5129
5133
5134
5135
5137
5140
5141
5146
5151
5177
5181
5184
5185
5204
5207
5213
5230
5236
5244
5251
5260
5263
5264
5266
5270
5272
5276
5278
5280
5284
5297
5299
5302
5306
5311
5316
5320
5328
5335
5336
5350
5353
5360
5365
5378
5383
5385
5388
5389
5392
5400
5407
5409
5414
5428
5429
5430
5435
5438
5439
5440
5442
5444
5454
5460
5463
5467
5468
5472
5477
5479
5480
5489
5513
5515
5524
5530
5538
5543
5550
5553
5555
5561
5562
5566
5576
5580
5585
5589
5597
5598
5599
5602
5608
5613
5618
5626
5631
5636
5642
5645
5651
5655
5658
5679
5680
5684
5689
5700
5710
5714
5716
5721
5726
5728
5742
5751
5754
5755
5766
5769
5778
5781
5782
5787
5793
5797
5798
5803
5804
5806
5808
5811
5819
5827
5843
5858
5869
5877
5878
5887
5888
5889
5891
5900
5907
5922
5923
5930
5932
5935
5937
5964
5967
5977
5985
5988
5995
5998
6004
6011
6019
6030
6042
6043
6044
6046
6048
6052
6058
6060
6064
6068
6070
6087
6097
6105
6112
6117
6121
6122
6127
6129
6130
6135
6152
6158
6162
6166
6168
6170
6172
6181
6183
6185
6192
6194
6199
6206
6218
6223
6224
6233
6239
6242
6243
6244
6261
6262
6268
6271
6276
6280
6283
6285
6288
6292
6297
6306
6310
6312
6329
6330
6339
6340
6341
6344
6348
6351
6358
6365
6369
6373
6374
6385
6387
6392
6399
6406
6407
6416
6417
6420
6425
6429
6436
6440
6448
6455
6456
6466
6468
6469
6474
6477
6482
6483
6493
6495
6501
6505
6509
6512
6519
6529
6532
6536
6537
6545
6549
6551
6552
6558
6562
6567
6570
6575
6576
6578
6581
6600
6612
6613
6620
6622
6627
6629
6633
6641
6648
6652
6665
6666
6673
6681
6684
6688
6689
6692
6693
6702
6707
6709
6714
6717
6738
6741
6746
6747
6750
6759
6762
6763
6771
6773
6776
6778
6782
6784
6789
6792
6796
6811
6812
6819
6822
6827
6828
6830
6837
6845
6846
6850
6859
6860
6872
6884
6886
6887
6900
6901
6902
6903
6904
6906
6907
6915
6917
6923
6924
6925
6928
6932
6936
6941
6943
6953
6956
6959
6961
6966
6971
6985
6988
6998
7002
7003
7009
7017
7022
7023
7033
7051
7057
7063
7066
7070
7071
7081
7091
7092
7093
7095
7100
7103
7116
7117
7127
7128
7134
7137
7138
7151
7153
7162
7164
7165
7182
7184
7185
7201
7205
7209
7213
7223
7225
7232
7236
7249
7260
7277
7281
7282
7287
7292
7294
7295
7298
7299
7305
7308
7318
7319
7328
7329
7335
7336
7337
7338
7340
7350
7355
7356
7360
7362
7364
7367
7371
7378
7384
7387
7389
7396
7405
7409
7410
7416
7418
7419
7428
7432
7437
7440
7443
7447
7457
7458
7462
7463
7471
7477
7490
7499
7512
7513
7514
7515
7517
7523
7525
7526
7528
7532
7534
7539
7540
7543
7554
7560
7562
7567
7571
7578
7588
7591
7597
7602
7605
7619
7620
7625
7631
7650
7657
7659
7662
7665
7667
7672
7675
7684
7694
7697
7698
7701
7703
7704
7711
7714
7721
7726
7734
7743
7755
7756
7759
7769
7770
7789
7790
7794
7796
7803
7807
7812
7816
7818
7820
7822
7836
7840
7848
7854
7865
7868
7879
7881
7883
7887
7892
7900
7913
7925
7935
7940
7943
7950
7953
7965
7967
7984
7987
7990
7992
7995
8015
8016
8017
8018
8019
8020
8021
8035
8041
8047
8053
8054
8059
8063
8064
8068
8074
8077
8078
8081
8090
8093
8099
8101
8103
8117
8119
8122
8130
8144
8145
8170
8187
8192
8198
8204
8205
8227
8230
8231
8236
8243
8245
8246
8252
8258
8262
8264
8268
8269
8276
8279
8287
8290
8292
8294
8295
8300
8315
8317
8321
8340
8342
8343
8347
8355
8356
8360
8361
8367
8375
8382
8386
8389
8395
8398
8399
8408
8417
8425
8426
8435
8451
8459
8464
8465
8466
8478
8493
8500
8514
8515
8521
8525
8528
8530
8539
8541
8552
8557
8559
8562
8563
8565
8568
8572
8577
8581
8582
8583
8584
8585
8588
8591
8595
8596
8598
8599
8601
8622
8630
8635
8638
8639
8657
8666
8683
8688
8692
8694
8696
8700
8722
8723
8732
8735
8739
8744
8759
8761
8762
8775
8778
8779
8784
8792
8802
8803
8805
8807
8820
8823
8826
8829
8832
8833
8835
8840
8842
8855
8856
8862
8865
8870
8874
8882
8883
8889
8895
8896
8897
8905
8909
8913
8918
8924
8929
8941
8943
8946
8948
8950
8951
8966
8971
8972
8983
8987
8995
8998
9009
9010
9012
9019
9022
9028
9033
9036
9039
9041
9081
9082
9083
9095
9096
9097
9101
9115
9118
9127
9132
9146
9148
9149
9153
9158
9161
9169
9183
9193
9205
9220
9224
9229
9238
9250
9258
9260
9273
9274
9276
9283
9284
9289
9295
9297
9301
9304
9310
9311
9315
9316
9319
9329
9338
9339
9341
9347
9351
9353
9355
9370
9380
9382
9383
9386
9390
9393
9396
9399
9406
9408
9414
9417
9428
9432
9441
9447
9448
9455
9460
9465
9481
9487
9495
9497
9510
9515
9517
9521
9529
9534
9536
9540
9542
9545
9547
9553
9558
9564
9565
9566
9569
9571
9582
9585
9588
9589
9594
9598
9604
9606
9609
9610
9612
9626
9632
9633
9639
9642
9654
9669
9670
9683
9684
9687
9694
9695
9713
9714
9724
9727
9735
9738
9741
9755
9758
9760
9764
9768
9778
9779
9791
9793
9798
9810
9829
9836
9842
9843
9844
9845
9853
9854
9856
9858
9859
9873
9880
9885
9886
9888
9889
9892
9895
9914
9917
9920
9922
9951
9955
9959
9967
9969
9994
9999
10000
10004
10009
10020
10023
10030
10037
10040
10049
10055
10056
10058
10061
10068
10070
10088
10089
10101
10112
10115
10123
10127
10133
10137
10142
10150
10156
10158
10160
10166
10171
10177
10180
10183
10187
10195
10200
10201
10202
10203
10221
10225
10228
10233
10236
10248
10249
10272
10278
10281
10285
10288
10303
10307
10312
10314
10315
10319
10329
10344
10345
10347
10352
10355
10368
10373
10379
10387
10395
10396
10398
10404
10434
10440
10445
10452
10464
10466
10467
10474
10477
10478
10486
10492
10498
10500
10504
10505
10512
10513
10515
10520
10521
10527
10529
10548
10553
10562
10564
10567
10569
10571
10579
10589
10591
10592
10598
10604
10605
10624
10631
10635
10637
10648
10660
10661
10662
10664
10665
10682
10689
10692
10693
10711
10715
10721
10727
10730
10734
10743
10752
10753
10771
10774
10783
10786
10800
10801
10807
10817
10822
10823
10824
10831
10832
10834
10843
10858
10862
10875
10877
10885
10888
10891
10895
10897
10898
10904
10914
10917
10921
10923
10926
10927
10931
10932
10937
10941
10942
10949
10953
10967
10970
10975
10980
10997
10998
11001
11012
11015
11016
11022
11038
11039
11045
11047
11048
11055
11060
11061
11062
11063
11066
11080
11082
11097
11099
11107
11114
11129
11131
11138
11139
11145
11152
11155
11156
11157
11159
11160
11163
11164
11165
11166
11167
11168
11173
11177
11184
11190
11193
11200
11201
11203
11209
11214
11219
11222
11223
11229
11230
11233
11236
11249
11253
11262
11265
11275
11276
11285
11286
11292
11294
11299
11304
11315
11318
11319
11320
11325
11328
11331
11342
11345
11347
11354
11356
11362
11366
11367
11368
11373
11377
11383
11389
11394
11397
11405
11415
11416
11417
11421
11423
11437
11449
11459
11469
11480
11484
11489
11494
11497
11498
11505
11506
11507
11510
11517
11531
11535
11536
11537
11539
11542
11543
11545
11549
11557
11560
11568
11579
11591
11593
11600
11602
11605
11610
11626
11636
11639
11644
11646
11655
11658
11661
11662
11667
11677
11680
11688
11693
11696
11698
11708
11712
11713
11714
11719
11726
11727
11731
11742
11750
11751
11752
11759
11760
11767
11781
11785
11787
11795
11797
11798
11800
11801
11811
11813
11828
11830
11833
11841
11849
11859
11873
11892
11909
11915
11916
11928
11929
11933
11934
11937
11958
11960
11965
11988
11998
11999
12009
12013
12031
12032
12037
12042
12043
12051
12054
12057
12060
12061
12062
12067
12069
12076
12080
12086
12088
12097
12101
12110
12111
12113
12115
12116
12119
12126
12128
12133
12136
12147
12149
12151
12163
12167
12171
12176
12186
12187
12195
12196
12197
12198
12199
12207
12214
12224
12247
12250
12252
12257
12262
12286
12293
12314
12322
12326
12331
12334
12339
12340
12343
12346
12347
12353
12363
12366
12372
12373
12377
12381
12390
12394
12398
12402
12404
12408
12410
12419
12434
12437
12450
12466
12469
12473
12480
12496
12507
12508
12509
12513
12516
12518
12538
12543
12546
12549
12553
12564
12566
12569
12577
12583
12584
12592
12594
12596
12597
12598
12609
12615
12617
12628
12630
12631
12642
12649
12651
12654
12657
12658
12659
12669
12676
12678
12680
12681
12685
12701
12707
12712
12719
12722
12723
12735
12741
12747
12751
12753
12760
12769
12773
12782
12796
12798
12803
12807
12808
12811
12813
12822
12826
12829
12830
12832
12835
12851
12861
12864
12870
12872
12875
12882
12885
12886
12891
12901
12905
12907
12913
12918
12926
12928
12932
12937
12946
12948
12960
12963
12968
12977
12980
12981
12992
13007
13014
13016
13026
13038
13040
13045
13058
13066
13068
13084
13092
13104
13106
13108
13112
13113
13117
13127
13128
13131
13134
13139
13143
13153
13154
13162
13164
13167
13169
13186
13188
13197
13202
13205
13212
13213
13218
13225
13230
13232
13236
13239
13256
13265
13270
13281
13291
13299
13301
13302
13304
13318
13321
13322
13324
13328
13329
13337
13343
13347
13348
13355
13357
13358
13361
13364
13385
13386
13390
13392
13399
13404
13406
13409
13420
13423
13428
13439
13440
13457
13460
13464
13465
13467
13486
13488
13497
13512
13520
13521
13524
13537
13556
13557
13558
13564
13566
13570
13572
13575
13581
13586
13591
13625
13645
13661
13665
13669
13674
13679
13710
13712
13719
13720
13721
13722
13723
13724
13727
13730
13734
13737
13752
13755
13756
13757
13765
13770
13774
13779
13780
13787
13794
13800
13802
13807
13811
13826
13827
13828
13829
13835
13841
13846
13849
13852
13863
13865
13867
13873
13877
13879
13881
13887
13898
13900
13917
13920
13921
13922
13931
13932
13934
13936
13941
13942
13949
13955
13962
13972
13989
14016
14019
14022
14023
14025
14026
14027
14034
14036
14041
14044
14047
14054
14055
14056
14078
14079
14090
14097
14099
14100
14111
14114
14119
14124
14135
14154
14155
14163
14168
14170
14174
14185
14191
14193
14197
14198
14201
14202
14204
14205
14207
14212
14216
14228
14249
14250
14256
14259
14260
14266
14271
14276
14278
14291
14309
14314
14316
14318
14321
14327
14331
14333
14338
14343
14344
14368
14399
14411
14412
14422
14423
14426
14434
14440
14447
14448
14460
14463
14467
14471
14474
14475
14476
14478
14496
14504
14515
14518
14523
14525
14526
14530
14531
14534
14551
14555
14557
14558
14564
14565
14572
14579
14587
14589
14594
14596
14612
14618
14622
14648
14649
14662
14669
14672
14679
14686
14690
14703
14704
14710
14712
14715
14716
14721
14735
14747
14756
14759
14762
14766
14778
14780
14781
14782
14783
14784
14789
14797
14817
14822
14841
14844
14845
14848
14853
14854
14855
14861
14871
14873
14874
14875
14876
14883
14884
14885
14901
14918
14927
14931
14938
14943
14945
14948
14956
14976
14980
14991
14999
15007
15009
15016
15019
15025
15032
15033
15034
15039
15042
15043
15045
15074
15079
15087
15093
15097
15100
15105
15111
15112
15113
15122
15125
15132
15137
15139
15142
15144
15150
15151
15154
15160
15163
15167
15173
15182
15183
15186
15197
15203
15205
15207
15211
15213
15225
15240
15258
15260
15263
15275
15279
15280
15288
15290
15292
15296
15306
15313
15320
15322
15324
15325
15328
15335
15338
15353
15364
15366
15367
15379
15386
15412
15415
15438
15445
15446
15453
15455
15462
15469
15480
15486
15487
15490
15491
15493
15494
15501
15509
15514
15518
15524
15553
15555
15556
15560
15567
15571
15577
15582
15584
15585
15587
15588
15613
15620
15622
15627
15642
15644
15653
15657
15658
15663
15665
15673
15675
15685
15687
15691
15692
15693
15703
15709
15734
15737
15738
15744
15751
15758
15766
15767
15772
15777
15782
15789
15799
15802
15808
15810
15814
15815
15832
15846
15851
15859
15865
15874
15889
15891
15894
15896
15897
15910
15917
15918
15920
15925
15932
15937
15939
15940
15941
15946
15955
15957
15971
15972
15976
15979
15988
15995
15996
16013
16022
16033
16059
16061
16064
16076
16089
16096
16111
16114
16122
16126
16129
16130
16152
16158
16159
16160
16171
16172
16178
16182
16186
16188
16195
16197
16204
16205
16208
16212
16233
16243
16244
16245
16257
16259
16263
16264
16287
16301
16303
16304
16306
16312
16315
16322
16323
16326
16329
16333
16343
16351
16354
16356
16364
16365
16372
16374
16378
16381
16385
16388
16389
16393
16396
16398
16400
16411
16412
16422
16428
16438
16445
16447
16452
16453
16456
16457
16469
16472
16479
16487
16503
16505
16516
16517
16518
16526
16528
16542
16555
16557
16558
16559
16569
16574
16575
16576
16580
16590
16593
16594
16600
16607
16609
16614
16616
16617
16618
16619
16620
16625
16627
16635
16638
16641
16654
16659
16669
16671
16676
16691
16695
16703
16715
16737
16738
16739
16748
16757
16762
16764
16770
16789
16790
16792
16797
16798
16799
16821
16826
16829
16831
16835
16836
16846
16847
16849
16853
16859
16862
16869
16870
16871
16874
16879
16885
16900
16916
16922
16930
16937
16944
16953
16962
16973
16976
16981
16988
16989
16990
16997
17000
17008
17014
17022
17025
17031
17037
17044
17049
17050
17089
17106
17108
17109
17115
17117
17124
17130
17134
17137
17143
17161
17164
17180
17199
17200
17204
17210
17211
17221
17224
17232
17256
17272
17277
17281
17290
17295
17296
17297
17314
17317
17319
17330
17333
17337
17346
17353
17358
17368
17374
17375
17384
17393
17400
17403
17404
17415
17418
17424
17427
17431
17432
17435
17444
17448
17453
17456
17457
17464
17465
17486
17511
17522
17525
17527
17539
17541
17551
17552
17554
17563
17567
17572
17576
17596
17599
17602
17616
17628
17633
17636
17639
17640
17644
17653
17659
17678
17704
17710
17713
17716
17729
17730
17731
17732
17739
17740
17751
17754
17755
17756
17760
17763
17767
17769
17777
17788
17821
17837
17877
17881
17884
17898
17902
17904
17905
17906
17920
17922
17928
17930
17935
17941
17946
17976
17981
17993
17998
17999
18000
18001
18005
18006
18011
18014
18016
18024
18029
18030
18052
18055
18063
18071
18074
18076
18099
18100
18102
18104
18112
18118
18120
18137
18139
18143
18156
18165
18172
18177
18184
18198
18204
18208
18212
18214
18223
18233
18238
18252
18258
18267
18268
18272
18276
18283
18285
18295
18298
18309
18314
18316
18318
18324
18327
18341
18344
18351
18353
18355
18360
18380
18384
18385
18401
18402
18411
18425
18426
18431
18437
18456
18459
18467
18471
18479
18484
18488
18493
18506
18526
18545
18558
18559
18560
18561
18565
18566
18576
18577
18587
18592
18597
18603
18604
18608
18609
18610
18611
18612
18616
18617
18621
18626
18634
18636
18637
18642
18645
18646
18654
18657
18662
18674
18676
18682
18688
18698
18702
18707
18713
18717
18731
18737
18748
18757
18771
18785
18790
18800
18803
18804
18811
18814
18816
18826
18829
18830
18833
18834
18841
18850
18851
18875
18887
18892
18908
18910
18920
18932
18939
18943
18944
18948
18969
18979
18980
18997
19002
19010
19018
19019
19021
19038
19045
19046
19058
19064
19071
19078
19079
19080
19082
19084
19092
19121
19131
19141
19144
19147
19148
19159
19172
19181
19183
19189
19192
19201
19208
19211
19213
19216
19219
19221
19254
19255
19260
19269
19298
19308
19310
19317
19318
19323
19327
19342
19365
19368
19373
19389
19398
19408
19409
19412
19420
19422
19430
19433
19434
19435
19437
19446
19453
19465
19467
19468
19469
19472
19473
19478
19484
19486
19489
19490
19493
19498
19503
19505
19506
19508
19512
19513
19516
19519
19521
19524
19525
19530
19534
19543
19544
19562
19563
19565
19567
19573
19575
19581
19582
19584
19590
19595
19597
19599
19602
19603
19613
19615
19620
19637
19648
19657
19664
19675
19677
19686
19689
19702
19717
19726
19735
19737
19738
19742
19746
19760
19761
19762
19765
19783
19786
19791
19793
19795
19796
19798
19799
19801
19806
19808
19821
19829
19832
19836
19838
19839
19841
19844
19848
19852
19855
19862
19865
19873
19876
19881
19888
19889
19900
19902
19912
19920
19932
19934
19936
19942
19944
19950
19956
19961
19967
19968
19969
19972
19978
19991
19995
19997
19998
20000
20017
20027
20031
20038
20048
20052
20053
20054
20059
20062
20064
20066
20068
20070
20079
20080
20082
20084
20086
20095
20107
20118
20119
20120
20122
20135
20139
20144
20147
20174
20190
20196
20197
20200
20203
20208
20209
20216
20224
20235
20236
20247
20248
20252
20256
20258
20272
20273
20277
20280
20298
20300
20301
20309
20325
20349
20352
20354
20370
20378
20380
20381
20382
20385
20387
20398
20409
20415
20424
20428
20431
20435
20440
20443
20445
20450
20454
20476
20479
20480
20483
20504
20507
20520
20530
20539
20542
20559
20560
20564
20565
20574
20580
20586
20588
20591
20611
20613
20615
20626
20634
20639
20644
20645
20658
20668
20669
20674
20679
20697
20700
20725
20728
20737
20739
20747
20748
20750
20757
20761
20765
20769
20781
20790
20795
20801
20814
20816
20824
20843
20844
20851
20852
20860
20861
20862
20870
20873
20875
20883
20884
20895
20898
20901
20908
20912
20913
20914
20918
20928
20936
20938
20942
20943
20947
20959
20967
20976
20990
20992
20995
20998
20999
21014
21026
21032
21038
21046
21051
21055
21066
21072
21074
21076
21082
21085
21089
21108
21120
21128
21133
21140
21148
21158
21159
21163
21167
21217
21220
21226
21259
21265
21267
21269
21278
21285
21295
21304
21308
21310
21315
21319
21323
21336
21343
21365
21366
21369
21399
21406
21407
21412
21416
21420
21424
21426
21428
21440
21443
21453
21454
21457
21464
21473
21483
21504
21507
21512
21515
21521
21523
21525
21529
21552
21558
21559
21561
21564
21570
21576
21581
21584
21588
21589
21591
21602
21629
21632
21644
21646
21650
21661
21671
21672
21677
21682
21685
21692
21694
21711
21718
21721
21730
21731
21733
21734
21738
21741
21745
21748
21750
21752
21760
21761
21765
21768
21771
21773
21776
21784
21793
21795
21796
21800
21806
21810
21817
21818
21824
21830
21833
21838
21846
21852
21869
21876
21877
21884
21890
21897
21912
21919
21921
21923
21930
21933
21934
21938
21943
21948
21959
21966
21980
21983
21987
21988
21989
21992
21998
22003
22007
22009
22012
22020
22023
22025
22028
22029
22033
22038
22039
22041
22044
22045
22046
22048
22050
22062
22064
22067
22074
22078
22083
22084
22089
22091
22107
22114
22120
22126
22137
22138
22153
22162
22163
22166
22167
22181
22182
22190
22193
22196
22197
22207
22210
22218
22233
22241
22242
22244
22251
22261
22263
22268
22269
22271
22274
22278
22280
22281
22296
22303
22307
22316
22324
22326
22328
22333
22338
22341
22347
22350
22353
22356
22357
22360
22369
22377
22379
22388
22393
22400
22403
22406
22424
22426
22437
22442
22446
22447
22451
22460
22461
22468
22469
22470
22478
22484
22490
22492
22493
22494
22499
22507
22512
22517
22518
22519
22526
22527
22530
22531
22542
22559
22560
22561
22562
22575
22590
22592
22601
22604
22606
22609
22619
22625
22636
22638
22639
22643
22645
22646
22649
22652
22655
22661
22673
22679
22684
22687
22693
22700
22707
22709
22713
22723
22730
22740
22746
22748
22754
22756
22762
22764
22769
22782
22785
22798
22810
22812
22815
22817
22819
22820
22821
22822
22824
22835
22842
22845
22853
22862
22863
22867
22883
22896
22900
22902
22905
22907
22916
22918
22921
22922
22948
22953
22961
22963
22969
22970
22973
22975
22980
22988
22989
22991
22992
23005
23006
23007
23016
23018
23025
23026
23033
23037
23045
23048
23054
23055
23057
23059
23066
23083
23091
23099
23113
23119
23125
23133
23140
23141
23147
23152
23154
23158
23164
23167
23169
23170
23171
23174
23183
23185
23188
23193
23194
23195
23205
23207
23228
23233
23244
23245
23249
23250
23254
23255
23258
23261
23263
23267
23268
23272
23273
23279
23284
23285
23286
23288
23294
23299
23301
23304
23309
23310
23316
23323
23329
23334
23343
23347
23348
23353
23360
23365
23378
23384
23387
23392
23406
23422
23425
23437
23449
23451
23453
23470
23477
23478
23481
23499
23510
23522
23524
23527
23533
23550
23552
23553
23560
23563
23565
23568
23578
23597
23609
23611
23617
23620
23625
23653
23654
23656
23657
23658
23666
23669
23676
23689
23692
23699
23706
23708
23715
23717
23731
23741
23744
23746
23748
23750
23769
23780
23784
23788
23792
23794
23801
23812
23814
23819
23826
23829
23840
23846
23850
23852
23857
23858
23860
23865
23866
23881
23882
23886
23901
23904
23910
23912
23915
23924
23927
23932
23935
23947
23949
23954
23957
23962
23963
23971
23972
23978
23980
23991
23998
23999
24014
24015
24018
24029
24033
24037
24039
24049
24051
24054
24066
24071
24072
24074
24080
24086
24088
24089
24092
24094
24108
24109
24110
24116
24117
24127
24128
24136
24140
24158
24159
24166
24167
24179
24213
24219
24234
24246
24311
24320
24345
24357
24366
24513
24523
24540
24570
24576
24580
24604
24629
24673
24717
24741
24783
24786
24927
24980
25026
25028
25041