Output from NeEstimator v.2
Starting time: Mon Apr 30 14:51:53 2018
Input File: "batch_8_final_filtered_nomigrants_south_byyear3.txt"

Number of Loci = 5804

Non-polymorphic loci:    10,    33,    38,    40,    44,    46,    55,    56,
           57,    68,    74,    76,    96,   106,   108,   112,   117,   122,
          123,   127,   133,   150,   152,   160,   164,   165,   195,   201,
          206,   215,   217,   225,   237,   242,   246,   265,   270,   284,
          285,   288,   291,   292,   300,   321,   326,   327,   331,   350,
          356,   359,   366,   372,   386,   389,   395,   399,   417,   419,
          422,   424,   431,   437,   440,   453,   483,   487,   498,   529,
          533,   539,   549,   550,   555,   557,   561,   563,   567,   581,
          582,   592,   598,   599,   602,   606,   624,   625,   642,   643,
          647,   648,   651,   652,   662,   674,   682,   683,   696,   697,
          701,   715,   732,   734,   741,   773,   774,   776,   795,   805,
          818,   834,   836,   838,   839,   845,   846,   850,   851,   856,
          859,   862,   870,   876,   881,   888,   893,   916,   928,   934,
          941,   968,   971,   972,   974,   987,   988,  1008,  1011,  1017,
         1020,  1022,  1024,  1027,  1036,  1043,  1052,  1073,  1074,  1075,
         1093,  1096,  1101,  1103,  1118,  1121,  1122,  1135,  1142,  1143,
         1160,  1169,  1172,  1182,  1188,  1205,  1213,  1228,  1239,  1245,
         1251,  1253,  1254,  1259,  1263,  1269,  1270,  1298,  1303,  1315,
         1318,  1323,  1340,  1344,  1346,  1348,  1355,  1357,  1363,  1368,
         1371,  1373,  1378,  1389,  1393,  1400,  1409,  1415,  1421,  1424,
         1425,  1427,  1428,  1442,  1454,  1459,  1466,  1468,  1469,  1476,
         1482,  1484,  1486,  1503,  1505,  1508,  1510,  1513,  1514,  1518,
         1519,  1525,  1531,  1543,  1545,  1563,  1564,  1586,  1592,  1593,
         1600,  1618,  1624,  1626,  1628,  1629,  1631,  1633,  1634,  1636,
         1637,  1638,  1639,  1640,  1651,  1654,  1658,  1664,  1671,  1692,
         1694,  1695,  1700,  1702,  1712,  1718,  1727,  1733,  1741,  1743,
         1745,  1748,  1751,  1757,  1774,  1793,  1800,  1829,  1833,  1838,
         1840,  1844,  1848,  1861,  1866,  1870,  1873,  1883,  1897,  1906,
         1911,  1918,  1920,  1931,  1938,  1948,  1956,  1959,  1963,  1967,
         1979,  1982,  1990,  1996,  1998,  2005,  2022,  2037,  2039,  2044,
         2046,  2052,  2078,  2101,  2102,  2110,  2113,  2122,  2123,  2131,
         2146,  2154,  2164,  2167,  2177,  2184,  2190,  2193,  2195,  2200,
         2208,  2211,  2213,  2215,  2230,  2235,  2243,  2260,  2273,  2286,
         2294,  2308,  2320,  2322,  2330,  2331,  2336,  2339,  2343,  2345,
         2366,  2373,  2377,  2380,  2396,  2398,  2409,  2416,  2436,  2439,
         2440,  2448,  2452,  2453,  2454,  2461,  2468,  2472,  2476,  2483,
         2484,  2508,  2514,  2516,  2517,  2518,  2522,  2528,  2535,  2537,
         2545,  2555,  2559,  2567,  2571,  2573,  2575,  2576,  2581,  2582,
         2583,  2600,  2609,  2611,  2622,  2632,  2642,  2645,  2647,  2650,
         2656,  2662,  2667,  2669,  2672,  2677,  2686,  2687,  2695,  2700,
         2705,  2708,  2711,  2719,  2720,  2742,  2744,  2757,  2762,  2777,
         2780,  2781,  2784,  2796,  2797,  2799,  2800,  2801,  2816,  2817,
         2818,  2841,  2849,  2855,  2858,  2861,  2862,  2866,  2872,  2877,
         2879,  2882,  2886,  2888,  2893,  2901,  2909,  2940,  2941,  2942,
         2944,  2946,  2949,  2957,  2964,  2968,  2973,  2981,  2985,  3003,
         3004,  3007,  3017,  3019,  3029,  3034,  3046,  3059,  3065,  3070,
         3078,  3084,  3101,  3114,  3137,  3138,  3141,  3150,  3151,  3157,
         3159,  3160,  3174,  3181,  3185,  3193,  3196,  3200,  3213,  3216,
         3226,  3228,  3241,  3245,  3247,  3249,  3253,  3259,  3264,  3276,
         3277,  3278,  3287,  3290,  3295,  3299,  3316,  3331,  3333,  3335,
         3339,  3342,  3356,  3366,  3376,  3394,  3395,  3402,  3405,  3407,
         3427,  3432,  3441,  3443,  3454,  3455,  3462,  3468,  3475,  3477,
         3480,  3484,  3485,  3487,  3490,  3497,  3500,  3505,  3520,  3534,
         3535,  3536,  3547,  3595,  3599,  3600,  3602,  3617,  3618,  3621,
         3625,  3629,  3639,  3646,  3668,  3672,  3684,  3688,  3689,  3695,
         3707,  3712,  3719,  3721,  3723,  3730,  3745,  3752,  3761,  3762,
         3764,  3782,  3786,  3787,  3796,  3797,  3804,  3809,  3815,  3820,
         3828,  3832,  3840,  3858,  3873,  3878,  3882,  3919,  3930,  3942,
         3943,  3945,  3959,  3973,  3977,  3979,  3980,  3989,  3990,  3999,
         4003,  4006,  4009,  4013,  4029,  4042,  4060,  4062,  4063,  4070,
         4071,  4089,  4091,  4105,  4109,  4112,  4117,  4137,  4140,  4146,
         4147,  4149,  4150,  4162,  4163,  4172,  4176,  4181,  4185,  4191,
         4233,  4237,  4241,  4243,  4247,  4251,  4267,  4268,  4275,  4279,
         4285,  4289,  4293,  4299,  4308,  4314,  4326,  4335,  4364,  4367,
         4369,  4373,  4385,  4389,  4394,  4396,  4397,  4401,  4405,  4429,
         4444,  4448,  4452,  4459,  4460,  4477,  4480,  4489,  4490,  4495,
         4500,  4503,  4505,  4507,  4526,  4529,  4537,  4540,  4545,  4554,
         4562,  4570,  4575,  4588,  4602,  4604,  4611,  4632,  4635,  4641,
         4643,  4648,  4675,  4677,  4681,  4687,  4690,  4701,  4706,  4711,
         4719,  4721,  4723,  4727,  4732,  4734,  4740,  4749,  4754,  4755,
         4757,  4766,  4772,  4785,  4798,  4805,  4807,  4808,  4818,  4819,
         4820,  4823,  4835,  4841,  4844,  4846,  4861,  4863,  4866,  4868,
         4879,  4880,  4891,  4896,  4901,  4906,  4913,  4918,  4923,  4926,
         4937,  4940,  4949,  4954,  4968,  4972,  4973,  4985,  4988,  5003,
         5006,  5014,  5017,  5021,  5031,  5038,  5044,  5061,  5077,  5086,
         5088,  5090,  5095,  5107,  5108,  5112,  5113,  5138,  5142,  5197,
         5202,  5211,  5215,  5228,  5238,  5240,  5254,  5261,  5271,  5286,
         5297,  5306,  5315,  5319,  5320,  5321,  5323,  5332,  5337,  5349,
         5376,  5378,  5381,  5385,  5388,  5397,  5419,  5425,  5434,  5435,
         5445,  5454,  5457,  5458,  5462,  5464,  5476,  5478,  5483,  5485,
         5506,  5509,  5515,  5518,  5523,  5541,  5542,  5548,  5558,  5564,
         5578,  5588,  5590,  5596,  5600,  5603,  5608,  5609,  5628,  5636,
         5658,  5660,  5665,  5677,  5703,  5710,  5718,  5722,  5723,  5760,
         5789,  5797,  5802
Total non-polymorphic = 831

LD mating model: Random

Population     1 [PO010715_02]  (Number of Individuals = 65)
****************
--------------------------------------------------------------------------
Lowest Allele Frequency Used     0.050       0.020       0.010         0+
--------------------------------------------------------------------------
