Output from NeEstimator v.2
Starting time: Mon Apr 30 16:30:50 2018
Input File: "batch_8_final_filtered_aligned_nomigrants_south_byyear.txt"

Number of Loci = 4319

Non-polymorphic loci:     7,    22,    25,    27,    31,    33,    40,    41,
           51,    54,    55,    71,    76,    79,    82,    86,    90,    94,
          106,   108,   117,   118,   139,   145,   147,   154,   156,   171,
          178,   195,   207,   209,   212,   213,   219,   236,   241,   242,
          245,   264,   270,   276,   288,   290,   298,   311,   313,   315,
          317,   322,   328,   331,   341,   366,   369,   401,   403,   408,
          414,   419,   421,   425,   427,   431,   441,   450,   456,   461,
          474,   475,   485,   486,   488,   491,   492,   508,   514,   522,
          523,   526,   549,   577,   602,   623,   625,   626,   627,   633,
          634,   636,   637,   642,   645,   648,   652,   658,   662,   667,
          672,   690,   699,   702,   707,   723,   726,   740,   741,   754,
          760,   764,   771,   776,   785,   802,   803,   814,   819,   828,
          831,   832,   842,   849,   850,   862,   868,   874,   879,   891,
          896,   910,   915,   918,   924,   929,   931,   936,   960,   965,
          974,   992,   994,   996,   998,  1004,  1005,  1011,  1015,  1018,
         1020,  1032,  1036,  1050,  1055,  1059,  1061,  1062,  1064,  1065,
         1078,  1090,  1097,  1101,  1107,  1109,  1111,  1124,  1125,  1128,
         1131,  1135,  1136,  1144,  1152,  1154,  1167,  1168,  1180,  1184,
         1185,  1190,  1207,  1212,  1214,  1216,  1218,  1219,  1221,  1222,
         1223,  1224,  1225,  1239,  1248,  1262,  1266,  1292,  1300,  1302,
         1304,  1310,  1339,  1344,  1366,  1368,  1370,  1372,  1375,  1383,
         1388,  1390,  1391,  1408,  1430,  1437,  1444,  1449,  1451,  1454,
         1466,  1469,  1474,  1477,  1479,  1505,  1509,  1511,  1533,  1551,
         1552,  1557,  1559,  1564,  1565,  1570,  1582,  1590,  1597,  1600,
         1607,  1612,  1621,  1628,  1630,  1644,  1648,  1655,  1672,  1686,
         1707,  1714,  1715,  1722,  1724,  1741,  1746,  1748,  1750,  1760,
         1769,  1792,  1795,  1803,  1807,  1808,  1815,  1822,  1825,  1831,
         1832,  1851,  1856,  1858,  1859,  1863,  1867,  1873,  1875,  1881,
         1888,  1896,  1900,  1907,  1920,  1930,  1946,  1953,  1957,  1959,
         1963,  1967,  1971,  1973,  1976,  1987,  1988,  1999,  2002,  2003,
         2006,  2028,  2030,  2037,  2040,  2051,  2054,  2065,  2066,  2068,
         2069,  2070,  2082,  2083,  2107,  2109,  2112,  2113,  2117,  2119,
         2123,  2125,  2128,  2131,  2136,  2165,  2166,  2167,  2168,  2175,
         2181,  2184,  2188,  2197,  2212,  2215,  2223,  2225,  2233,  2237,
         2246,  2256,  2262,  2267,  2275,  2294,  2304,  2321,  2322,  2325,
         2330,  2334,  2335,  2347,  2353,  2357,  2364,  2369,  2382,  2383,
         2391,  2392,  2402,  2406,  2407,  2409,  2413,  2418,  2428,  2429,
         2430,  2435,  2438,  2445,  2457,  2468,  2471,  2475,  2476,  2495,
         2504,  2525,  2528,  2530,  2553,  2560,  2562,  2569,  2577,  2580,
         2582,  2585,  2588,  2590,  2592,  2597,  2598,  2602,  2614,  2624,
         2669,  2671,  2681,  2682,  2686,  2689,  2698,  2704,  2725,  2735,
         2741,  2750,  2757,  2759,  2761,  2765,  2778,  2790,  2804,  2805,
         2811,  2812,  2820,  2828,  2835,  2858,  2874,  2903,  2909,  2918,
         2920,  2932,  2945,  2952,  2953,  2959,  2962,  2965,  2967,  2992,
         3008,  3010,  3011,  3017,  3033,  3044,  3047,  3050,  3054,  3070,
         3074,  3075,  3077,  3078,  3089,  3090,  3099,  3103,  3106,  3111,
         3144,  3166,  3172,  3180,  3186,  3191,  3198,  3204,  3216,  3236,
         3238,  3250,  3255,  3256,  3257,  3259,  3263,  3281,  3297,  3301,
         3307,  3316,  3323,  3324,  3329,  3331,  3334,  3336,  3338,  3354,
         3356,  3363,  3365,  3370,  3378,  3384,  3395,  3407,  3416,  3437,
         3440,  3446,  3448,  3469,  3471,  3474,  3482,  3493,  3496,  3504,
         3508,  3522,  3526,  3533,  3536,  3545,  3562,  3563,  3570,  3571,
         3572,  3575,  3587,  3588,  3589,  3603,  3605,  3608,  3618,  3619,
         3630,  3636,  3641,  3652,  3654,  3656,  3665,  3668,  3675,  3690,
         3693,  3694,  3703,  3706,  3717,  3720,  3727,  3729,  3732,  3738,
         3741,  3745,  3760,  3773,  3783,  3784,  3789,  3798,  3799,  3802,
         3803,  3823,  3826,  3871,  3892,  3894,  3901,  3906,  3936,  3944,
         3949,  3951,  3956,  3961,  3971,  3995,  3997,  3999,  4001,  4024,
         4030,  4039,  4040,  4048,  4056,  4057,  4060,  4068,  4074,  4091,
         4094,  4099,  4121,  4133,  4137,  4160,  4166,  4167,  4182,  4189,
         4209,  4213,  4220,  4242,  4248,  4253,  4255,  4281,  4306,  4312,
         4317
Total non-polymorphic = 609

LD mating model: Random

Population     1 [PO010715_02]  (Number of Individuals = 65)
****************
--------------------------------------------------------------------------
Lowest Allele Frequency Used     0.050       0.020       0.010         0+
--------------------------------------------------------------------------

LINKAGE DISEQUILIBRIUM METHOD

Harmonic Mean Sample Size =       63.8        63.8        63.7        63.7
Independent Comparisons =    3253288     5153464     5785366     6870038
OverAll r^2 =                  0.01666     0.01663     0.01662     0.01662
Expected r^2 Sample =          0.01640     0.01641     0.01641     0.01641
Estimated Ne^ =                 1275.3      1505.3      1563.9      1631.6

95% CIs for Ne^
* Parametric                    1161.0      1378.4      1434.5      1501.9
                                1414.1      1657.5      1718.6      1785.4

* CIs by Jackknife are skipped when number of polymorphic loci > 100

**************************************************************************

Time: Mon Apr 30 16:34:20 2018

Non-polymorphic loci:     7,    22,    25,    27,    31,    32,    33,    40,
           41,    51,    54,    67,    70,    71,    74,    77,    79,    82,
           86,    90,   106,   108,   117,   139,   147,   154,   169,   171,
          178,   190,   209,   212,   213,   219,   234,   236,   238,   245,
          255,   263,   264,   268,   270,   276,   288,   298,   311,   315,
          322,   324,   338,   366,   369,   375,   376,   385,   393,   394,
          401,   403,   414,   419,   420,   421,   424,   426,   441,   456,
          461,   474,   482,   485,   488,   506,   508,   514,   523,   541,
          549,   565,   566,   584,   585,   602,   620,   623,   625,   636,
          642,   645,   648,   652,   658,   662,   667,   672,   686,   690,
          699,   702,   705,   707,   717,   723,   734,   735,   740,   741,
          751,   754,   760,   764,   771,   785,   805,   814,   819,   828,
          829,   832,   838,   842,   850,   862,   868,   879,   886,   891,
          893,   896,   904,   910,   918,   923,   929,   930,   931,   936,
          960,   965,   979,   992,  1001,  1004,  1005,  1008,  1011,  1013,
         1015,  1018,  1021,  1032,  1036,  1055,  1059,  1062,  1073,  1078,
         1090,  1097,  1101,  1106,  1109,  1111,  1115,  1124,  1125,  1128,
         1135,  1152,  1168,  1179,  1180,  1184,  1185,  1190,  1197,  1211,
         1212,  1214,  1216,  1218,  1219,  1221,  1222,  1225,  1245,  1248,
         1255,  1260,  1261,  1262,  1291,  1310,  1313,  1324,  1331,  1340,
         1346,  1366,  1368,  1372,  1383,  1388,  1391,  1405,  1408,  1430,
         1432,  1436,  1437,  1447,  1448,  1454,  1469,  1470,  1476,  1477,
         1493,  1503,  1509,  1551,  1553,  1558,  1559,  1561,  1565,  1581,
         1590,  1600,  1607,  1635,  1648,  1655,  1667,  1675,  1679,  1686,
         1703,  1709,  1724,  1741,  1746,  1748,  1750,  1760,  1769,  1783,
         1792,  1807,  1808,  1813,  1814,  1815,  1824,  1831,  1836,  1851,
         1859,  1873,  1875,  1881,  1887,  1901,  1907,  1915,  1920,  1930,
         1946,  1957,  1958,  1959,  1971,  1976,  1988,  1997,  1999,  2002,
         2003,  2006,  2018,  2028,  2031,  2040,  2051,  2054,  2065,  2068,
         2069,  2082,  2083,  2110,  2112,  2113,  2117,  2119,  2123,  2125,
         2127,  2128,  2131,  2165,  2167,  2168,  2175,  2179,  2181,  2182,
         2184,  2188,  2193,  2197,  2212,  2224,  2233,  2237,  2243,  2246,
         2256,  2262,  2284,  2294,  2304,  2325,  2330,  2335,  2347,  2357,
         2364,  2375,  2378,  2382,  2391,  2392,  2402,  2406,  2407,  2418,
         2428,  2429,  2434,  2438,  2445,  2457,  2461,  2466,  2471,  2476,
         2495,  2504,  2521,  2523,  2528,  2535,  2542,  2553,  2556,  2557,
         2560,  2580,  2582,  2585,  2590,  2597,  2598,  2602,  2605,  2609,
         2614,  2618,  2635,  2659,  2669,  2671,  2681,  2682,  2686,  2704,
         2713,  2734,  2740,  2741,  2750,  2756,  2765,  2784,  2790,  2803,
         2804,  2812,  2820,  2825,  2828,  2832,  2847,  2851,  2853,  2872,
         2897,  2909,  2917,  2918,  2920,  2926,  2945,  2953,  2974,  3008,
         3010,  3017,  3021,  3031,  3039,  3043,  3047,  3050,  3054,  3061,
         3070,  3074,  3075,  3078,  3088,  3089,  3090,  3099,  3103,  3106,
         3111,  3162,  3166,  3186,  3198,  3203,  3204,  3216,  3222,  3231,
         3236,  3241,  3250,  3253,  3256,  3257,  3258,  3259,  3263,  3270,
         3281,  3290,  3301,  3307,  3323,  3324,  3330,  3331,  3333,  3334,
         3336,  3338,  3340,  3357,  3365,  3370,  3384,  3395,  3400,  3405,
         3407,  3408,  3434,  3437,  3440,  3446,  3447,  3448,  3449,  3453,
         3469,  3471,  3474,  3482,  3504,  3508,  3520,  3522,  3533,  3536,
         3540,  3545,  3562,  3570,  3571,  3587,  3588,  3589,  3590,  3603,
         3605,  3608,  3615,  3618,  3619,  3636,  3637,  3638,  3641,  3645,
         3654,  3656,  3665,  3668,  3675,  3694,  3706,  3707,  3717,  3720,
         3729,  3739,  3741,  3745,  3760,  3767,  3783,  3784,  3789,  3795,
         3798,  3799,  3802,  3803,  3814,  3816,  3823,  3828,  3865,  3871,
         3881,  3885,  3887,  3892,  3901,  3906,  3911,  3949,  3956,  3963,
         3964,  3995,  3997,  3999,  4000,  4001,  4002,  4032,  4040,  4048,
         4057,  4068,  4071,  4086,  4094,  4095,  4112,  4114,  4163,  4166,
         4167,  4182,  4189,  4206,  4209,  4213,  4220,  4237,  4242,  4250,
         4255,  4281,  4302,  4306,  4311,  4312,  4315
Total non-polymorphic = 585


Population     2 [JB121807_01]  (Number of Individuals = 73)
****************
--------------------------------------------------------------------------
Lowest Allele Frequency Used     0.050       0.020       0.010         0+
--------------------------------------------------------------------------

LINKAGE DISEQUILIBRIUM METHOD

Harmonic Mean Sample Size =       66.1        66.5        66.4        66.4
Independent Comparisons =    3033322     5093909     5841733     6926192
OverAll r^2 =                  0.01660     0.01638     0.01632     0.01628
Expected r^2 Sample =          0.01560     0.01553     0.01554     0.01555
Estimated Ne^ =                  333.0       392.2       425.9       454.6

95% CIs for Ne^
* Parametric                     324.3       383.0       415.8       444.1
                                 342.1       401.8       436.4       465.6

* CIs by Jackknife are skipped when number of polymorphic loci > 100

**************************************************************************

Time: Mon Apr 30 16:37:57 2018

Non-polymorphic loci:     7,    22,    23,    25,    27,    29,    31,    32,
           33,    40,    41,    51,    53,    60,    70,    76,    77,    79,
           82,    86,    90,    91,    94,   106,   108,   110,   117,   118,
          124,   129,   132,   135,   137,   138,   139,   145,   147,   148,
          154,   156,   161,   169,   171,   173,   178,   190,   192,   195,
          199,   207,   209,   212,   213,   216,   219,   236,   238,   241,
          242,   245,   247,   255,   262,   263,   264,   268,   270,   275,
          276,   287,   288,   290,   298,   299,   309,   311,   313,   315,
          317,   324,   328,   331,   341,   356,   362,   366,   369,   371,
          373,   376,   378,   385,   389,   394,   397,   401,   403,   407,
          411,   414,   419,   420,   421,   424,   427,   429,   431,   432,
          434,   435,   436,   437,   441,   443,   456,   459,   461,   465,
          474,   475,   482,   485,   486,   488,   491,   504,   506,   508,
          511,   513,   523,   526,   537,   541,   545,   549,   552,   553,
          563,   565,   566,   573,   577,   578,   584,   585,   589,   592,
          597,   602,   623,   625,   626,   633,   634,   636,   640,   642,
          645,   647,   648,   652,   654,   658,   661,   667,   672,   678,
          688,   690,   697,   699,   702,   704,   705,   707,   710,   717,
          719,   720,   723,   726,   732,   735,   736,   740,   741,   743,
          747,   751,   754,   760,   764,   766,   771,   776,   778,   779,
          785,   799,   801,   802,   803,   804,   805,   814,   819,   824,
          828,   829,   832,   838,   842,   849,   850,   857,   858,   862,
          868,   876,   879,   886,   891,   893,   896,   898,   904,   908,
          910,   915,   918,   923,   925,   928,   929,   930,   931,   935,
          936,   943,   957,   959,   960,   962,   965,   967,   974,   976,
          979,   989,   992,   994,   996,   998,   999,  1001,  1003,  1004,
         1005,  1011,  1013,  1015,  1018,  1020,  1021,  1022,  1030,  1031,
         1032,  1036,  1037,  1045,  1050,  1053,  1055,  1059,  1061,  1062,
         1064,  1065,  1066,  1072,  1073,  1078,  1082,  1090,  1091,  1093,
         1097,  1101,  1104,  1107,  1109,  1111,  1115,  1123,  1124,  1125,
         1128,  1131,  1135,  1136,  1141,  1144,  1152,  1154,  1160,  1167,
         1168,  1170,  1172,  1175,  1177,  1178,  1180,  1181,  1184,  1185,
         1190,  1200,  1206,  1207,  1211,  1212,  1214,  1216,  1218,  1219,
         1220,  1221,  1222,  1223,  1225,  1236,  1239,  1240,  1245,  1248,
         1255,  1260,  1262,  1266,  1281,  1285,  1292,  1296,  1297,  1300,
         1302,  1304,  1310,  1313,  1324,  1326,  1330,  1331,  1334,  1336,
         1339,  1340,  1342,  1346,  1366,  1368,  1370,  1372,  1375,  1381,
         1383,  1386,  1388,  1390,  1391,  1396,  1399,  1405,  1408,  1410,
         1425,  1430,  1436,  1437,  1438,  1447,  1448,  1454,  1457,  1466,
         1469,  1470,  1473,  1474,  1476,  1477,  1479,  1480,  1482,  1484,
         1491,  1505,  1511,  1512,  1515,  1522,  1525,  1528,  1533,  1536,
         1544,  1551,  1552,  1556,  1557,  1558,  1559,  1564,  1565,  1570,
         1573,  1576,  1577,  1581,  1582,  1590,  1593,  1595,  1599,  1605,
         1607,  1613,  1621,  1625,  1628,  1630,  1633,  1635,  1638,  1643,
         1644,  1648,  1651,  1655,  1659,  1661,  1667,  1672,  1673,  1675,
         1683,  1686,  1690,  1707,  1708,  1709,  1713,  1714,  1722,  1723,
         1724,  1726,  1732,  1741,  1744,  1746,  1748,  1750,  1760,  1769,
         1776,  1783,  1792,  1793,  1795,  1800,  1801,  1803,  1807,  1808,
         1814,  1815,  1819,  1824,  1826,  1827,  1829,  1832,  1833,  1835,
         1839,  1842,  1844,  1849,  1851,  1852,  1854,  1856,  1858,  1859,
         1863,  1873,  1875,  1878,  1879,  1880,  1881,  1887,  1896,  1901,
         1903,  1907,  1913,  1915,  1917,  1918,  1919,  1920,  1935,  1938,
         1941,  1946,  1948,  1953,  1954,  1956,  1957,  1958,  1959,  1963,
         1967,  1968,  1970,  1971,  1973,  1976,  1980,  1988,  1989,  1997,
         1999,  2002,  2003,  2006,  2013,  2015,  2018,  2020,  2028,  2029,
         2030,  2031,  2036,  2037,  2040,  2048,  2051,  2054,  2059,  2065,
         2066,  2069,  2078,  2080,  2082,  2083,  2098,  2101,  2109,  2112,
         2113,  2115,  2117,  2119,  2123,  2125,  2127,  2128,  2131,  2134,
         2135,  2139,  2142,  2165,  2166,  2167,  2168,  2174,  2175,  2178,
         2179,  2181,  2182,  2184,  2188,  2192,  2193,  2195,  2196,  2197,
         2208,  2212,  2215,  2219,  2223,  2224,  2232,  2233,  2237,  2243,
         2244,  2246,  2249,  2256,  2262,  2275,  2281,  2284,  2292,  2294,
         2295,  2299,  2300,  2303,  2304,  2321,  2322,  2325,  2326,  2330,
         2333,  2334,  2335,  2345,  2347,  2353,  2357,  2359,  2362,  2364,
         2369,  2375,  2378,  2382,  2383,  2388,  2391,  2395,  2401,  2402,
         2406,  2407,  2409,  2413,  2414,  2417,  2418,  2419,  2420,  2428,
         2429,  2434,  2438,  2443,  2444,  2445,  2446,  2451,  2457,  2458,
         2461,  2466,  2468,  2471,  2474,  2475,  2476,  2485,  2487,  2490,
         2493,  2495,  2504,  2508,  2510,  2525,  2528,  2530,  2535,  2536,
         2542,  2550,  2553,  2556,  2557,  2560,  2562,  2569,  2576,  2577,
         2580,  2582,  2583,  2590,  2592,  2595,  2597,  2598,  2599,  2602,
         2605,  2609,  2614,  2617,  2624,  2637,  2641,  2650,  2655,  2659,
         2665,  2666,  2669,  2671,  2681,  2682,  2686,  2689,  2698,  2701,
         2702,  2704,  2710,  2713,  2716,  2717,  2725,  2734,  2750,  2755,
         2756,  2757,  2759,  2765,  2772,  2773,  2775,  2779,  2784,  2791,
         2796,  2802,  2803,  2804,  2805,  2809,  2811,  2812,  2820,  2825,
         2828,  2832,  2835,  2845,  2847,  2851,  2852,  2853,  2858,  2859,
         2862,  2866,  2867,  2872,  2873,  2874,  2885,  2894,  2897,  2901,
         2904,  2906,  2918,  2920,  2926,  2932,  2941,  2942,  2945,  2952,
         2953,  2959,  2962,  2967,  2974,  2975,  2979,  2988,  2992,  2993,
         2995,  2998,  3008,  3010,  3011,  3012,  3016,  3017,  3021,  3022,
         3024,  3031,  3033,  3036,  3039,  3044,  3047,  3048,  3050,  3052,
         3061,  3068,  3070,  3074,  3075,  3077,  3078,  3090,  3094,  3099,
         3102,  3103,  3106,  3109,  3111,  3113,  3117,  3139,  3146,  3153,
         3156,  3161,  3162,  3164,  3166,  3169,  3172,  3180,  3186,  3193,
         3195,  3198,  3201,  3203,  3204,  3207,  3216,  3219,  3225,  3229,
         3231,  3236,  3238,  3240,  3241,  3244,  3246,  3250,  3251,  3255,
         3256,  3257,  3259,  3262,  3263,  3267,  3268,  3270,  3274,  3281,
         3288,  3290,  3297,  3300,  3301,  3306,  3307,  3310,  3311,  3316,
         3321,  3323,  3324,  3328,  3330,  3331,  3334,  3336,  3338,  3356,
         3359,  3363,  3369,  3370,  3378,  3384,  3395,  3400,  3405,  3407,
         3416,  3430,  3434,  3437,  3440,  3446,  3447,  3448,  3449,  3453,
         3466,  3469,  3471,  3474,  3478,  3482,  3495,  3496,  3498,  3501,
         3504,  3506,  3508,  3509,  3511,  3517,  3520,  3522,  3526,  3527,
         3533,  3536,  3540,  3545,  3550,  3556,  3561,  3562,  3567,  3570,
         3571,  3583,  3584,  3587,  3588,  3589,  3590,  3596,  3603,  3605,
         3608,  3613,  3615,  3618,  3619,  3625,  3630,  3635,  3636,  3637,
         3638,  3641,  3644,  3645,  3652,  3654,  3656,  3663,  3665,  3667,
         3668,  3675,  3683,  3685,  3690,  3691,  3694,  3701,  3703,  3704,
         3706,  3711,  3716,  3717,  3720,  3723,  3729,  3734,  3739,  3741,
         3744,  3745,  3757,  3758,  3760,  3762,  3765,  3767,  3768,  3771,
         3773,  3783,  3791,  3792,  3795,  3798,  3799,  3801,  3802,  3803,
         3810,  3814,  3816,  3823,  3825,  3828,  3829,  3837,  3841,  3843,
         3845,  3849,  3853,  3861,  3864,  3865,  3871,  3876,  3877,  3881,
         3887,  3892,  3894,  3901,  3906,  3911,  3926,  3935,  3936,  3943,
         3944,  3949,  3952,  3956,  3961,  3963,  3964,  3970,  3974,  3976,
         3978,  3981,  3984,  3993,  3995,  3997,  3998,  3999,  4000,  4001,
         4002,  4016,  4020,  4026,  4030,  4032,  4039,  4040,  4048,  4056,
         4057,  4060,  4069,  4071,  4073,  4076,  4086,  4091,  4094,  4099,
         4114,  4121,  4130,  4143,  4144,  4146,  4160,  4163,  4166,  4167,
         4174,  4180,  4182,  4187,  4189,  4194,  4196,  4197,  4206,  4207,
         4209,  4213,  4217,  4218,  4220,  4221,  4227,  4236,  4237,  4238,
         4239,  4242,  4244,  4246,  4248,  4250,  4252,  4253,  4255,  4265,
         4280,  4281,  4282,  4285,  4286,  4289,  4296,  4299,  4302,  4306,
         4311,  4312,  4315,  4317
Total non-polymorphic = 1142


Population     3 [GEO020414_11_300]  (Number of Individuals = 21)
****************
--------------------------------------------------------------------------
Lowest Allele Frequency Used     0.050       0.020       0.010         0+
--------------------------------------------------------------------------

LINKAGE DISEQUILIBRIUM METHOD

Harmonic Mean Sample Size =       19.5        19.6        19.6        19.6
Independent Comparisons =    2948228     4991504     4991504     4991504
OverAll r^2 =                  0.06012     0.05954     0.05954     0.05954
Expected r^2 Sample =          0.05952     0.05921     0.05921     0.05921
Estimated Ne^ =                  506.3       943.7       943.7       943.7

95% CIs for Ne^
* Parametric                     436.1       768.8       768.8       768.8
                                 602.9      1220.6      1220.6      1220.6

* CIs by Jackknife are skipped when number of polymorphic loci > 100

**************************************************************************

Ending time: Mon Apr 30 16:38:59 2018
-------------------------------------

