### BAYESCAN outliers -- note that locus IDs were assigned by PGD spyder, and don't correspond to actual Locus IDS in genepop file ###
$outliers
 [1]   31   55   88  193  336  350  393  406  469  550  620  673  697 1007 1044 1061
[17] 1120 1142 1296 1305 1343 1356 1382 1437 1452 1572 1582 1682 1799 1840 1855 2005
[33] 2079 2113 2147 2188 2195 2251 2282 2340 2375 2498 2509 2516 2536 2607 2610 2757
[49] 2817 2823 3004 3073 3084 3114 3235 3251 3309 3387 3478 3496 3502 3509 3516 3542
[65] 3610 3614 3618 3653 3712 3743 3886 3969 4196 4306 4324 4326 4662 4668 4709 4734
[81] 4974 5093 5110 5141 5165 5203 5240 5258 5268 5328 5343 5382

$nb_outliers
[1] 92