$All.index
      2       3       4       5       6       7       8       9      10      11      12      13 
 0.1833 -0.6480 -1.1408 -1.3001 -1.5781 -1.8654 -1.9859 -2.1273 -2.2756 -2.3859 -2.5158 -2.6618 
     14      15 
-2.8216 -3.0071 

$All.CriticalValues
     2      3      4      5      6      7      8      9     10     11     12     13     14     15 
0.8362 0.4999 0.1676 0.2880 0.3001 0.1346 0.1573 0.1656 0.1293 0.1511 0.1693 0.1844 0.2137 0.1070 

$Best.nc
Number_clusters     Value_Index 
         2.0000          0.1833 

$Best.partition
  [1] 1 1 1 1 1 1 1 1 1 1 1 1 1 1 1 1 1 1 1 1 1 1 1 1 1 1 1 1 1 1 1 1 1 1 1 1 1 1 1 1 1 1 1 1 1 1 1
 [48] 1 1 1 1 1 1 1 1 1 1 1 1 1 1 1 1 1 1 1 1 1 1 1 1 1 1 1 1 1 1 1 1 1 1 1 1 1 1 1 1 1 1 1 1 2 2 2
 [95] 2 1 2 2 2 1 2 1 1 2 1 1 1 1 1 1 1 1 1 1 1 1 1 1 1 2 2 1 2 2 2 2 1 2 2 2 2 2 2 2 2 2 2 2 2 1 1
[142] 2 1 2 2 2 2 2 1 1 2 2 1 1 1 1 1 1 1 1 1 1 1 1 1 1 1 1


> NbClust(data=odata_core.mrel, diss=core.mrel_dist, 
+         distance=NULL, method="average", index="gap")
$All.index
      2       3       4       5       6       7       8       9      10      11 
-0.3575 -1.0625 -1.5112 -1.8129 -2.1842 -2.3389 -2.4103 -2.5750 -2.6252 -2.7826 
     12      13      14      15 
-2.9856 -3.1480 -3.2419 -3.3232 

$All.CriticalValues
      2       3       4       5       6       7       8       9      10      11 
 0.7103  0.4557  0.3094  0.3809  0.1677  0.0848  0.1794  0.0668  0.1753  0.2233 
     12      13      14      15 
 0.1848  0.1175  0.1060 -0.1006 

$Best.nc
Number_clusters     Value_Index 
         2.0000         -0.3575 

$Best.partition
  [1] 1 1 1 1 1 1 1 1 1 1 1 1 1 1 1 1 1 1 1 1 1 1 1 1 1 1 1 1 1 1 1 1 1 1 1 1 1 1 1
 [40] 1 1 2 1 1 1 1 1 1 1 1 1 1 1 1 1 1 1 1 1 1 1 1 1 2 1 1 1 1 1 1 1 1 1 1 1 1 1 1
 [79] 1 1 1 1 1 1 1 1 1 1 1 1 1 1 1 1 1 1 1 1 1 1 1 1 1 1 1 1 1 1 1 1 1 1 1 1 1 1 1
[118] 1 1 1 1 1 1 1 1 1 1 1 1 1 1 1 1 1 1 1 1 1 1 1 1 1 1 1 1 1 1 1 1 1 1 1 1 1 1 1
[157] 1 1 1 1 1 1 1 1 1 1 1 1