NbClust(data = odata_edge.mrel, diss = edge.mrel_dist, distance = NULL, method="ward.D2", index="gap")
$All.index
      2       3       4       5       6       7       8       9      10      11 
 0.3498 -0.4518 -0.9375 -1.1319 -1.4251 -1.7511 -1.9249 -2.0774 -2.2192 -2.3242 
     12      13      14      15 
-2.4636 -2.6165 -2.7867 -2.9851 

$All.CriticalValues
     2      3      4      5      6      7      8      9     10     11     12 
0.8065 0.4929 0.2027 0.3034 0.3387 0.1880 0.1684 0.1591 0.1240 0.1606 0.1761 
    13     14     15 
0.1950 0.2265 0.1156 

$Best.nc
Number_clusters     Value_Index 
         2.0000          0.3498 

$Best.partition
  [1] 1 1 1 1 1 1 1 1 1 1 1 1 1 1 1 1 1 1 1 1 1 1 1 1 1 1 1 1 1 1 1 1 1 1 1 1 1 1
 [39] 1 1 1 1 1 1 1 1 1 1 1 1 1 1 1 1 1 1 1 1 1 1 1 1 1 1 1 1 1 1 1 1 1 1 1 1 1 1
 [77] 1 1 1 1 1 1 1 1 1 1 1 1 1 1 1 1 1 1 2 1 1 1 1 1 2 2 1 1 1 1 1 1 1 1 1 1 1 1
[115] 1 1 1 1 1 1 2 1 2 2 2 2 2 2 1 2 1 2 2 2 2 2 2 2 2 2 2 2 2 2 2 2 2 2 2 1 1 2
[153] 1 1 1 1 1 1 1 1 1 1 1 1 1 1 1 1


> NbClust(data = odata_edge.mrel, diss = edge.mrel_dist, 
+         distance=NULL, method="average", index="gap")
$All.index
      2       3       4       5       6       7       8       9      10      11 
-0.3361 -1.0954 -1.6253 -1.9255 -1.8877 -2.4027 -2.4830 -2.6198 -2.6635 -2.8183 
     12      13      14      15 
-2.9105 -3.0986 -3.1426 -3.2425 

$All.CriticalValues
      2       3       4       5       6       7       8       9      10      11 
 0.7647  0.5368  0.3079 -0.0281  0.5280  0.0936  0.1515  0.0603  0.1727  0.1125 
     12      13      14      15 
 0.2106  0.0676  0.1245  0.1007 

$Best.nc
Number_clusters     Value_Index 
         2.0000         -0.3361 

$Best.partition
  [1] 1 1 1 1 1 1 1 1 2 1 1 1 1 1 1 1 1 1 1 1 1 1 1 1 1 1 1 1 1 1 1 1 1 1 1 1 1 1 1
 [40] 1 1 1 1 1 1 1 1 1 1 1 1 1 1 1 1 1 1 1 1 1 1 1 1 1 1 1 1 1 1 1 1 1 1 1 1 1 1 1
 [79] 1 1 1 1 1 1 1 1 1 1 1 1 1 1 1 1 1 1 1 1 1 1 1 1 1 1 1 1 1 1 1 1 1 1 1 1 1 1 1
[118] 1 1 1 1 1 1 1 1 1 1 1 1 1 1 1 1 1 1 1 1 1 1 1 1 1 1 1 1 1 1 1 1 1 1 1 1 1 1 1
[157] 1 1 1 1 1 1 1 1 1 1 1 1