Batch 8 BAYESCAN outliers; all samples
10123
10203
10376
10845
11320
11368
11536
11591
1185
12214
12508
12688
12796
14078
14223
14316
14546
14635
15298
15335
15519
15585
15693
15946
16013
16516
16557
16976
17522
17724
17767
18456
18723
18851
1904
19221
19262
19489
19591
19821
19944
2049
20546
20574
20658
20970
2098
21666
21890
21922
22644
22902
22956
23057
23543
2360
23844
24117
2606
2694
2705
2744
2766
2873
3133
3156
3179
3313
3548
3699
4199
453
5400
5808
5891
59
7121
7138
7310
74
8290
8759
8829
8946
9040
9203
9347
9410
9470
9663
971
9860
10388
